121.25 193.27 13 0
0.0 198.92 63 0
0.0 199.98 63 0
0.0 195.75 63 0
0.0 196.81 63 0
0.0 197.88 63 0
0.0 198.92 63 0
0.0 199.98 63 0
125.5 193.89 13 0
142.75 196.00 13 0
0.0 196.80 63 0
140.25 198.13 63 0
0.0 198.92 63 0
0.0 199.98 63 0
259.0 199.53 13 0
294.5 198.75 13 0
395.0 199.89 13 0
1197.75 198.47 22 0
1205.75 199.53 15 0
1128.75 202.77 26 0
0.0 211.61 63 0
0.0 212.67 63 0
0.0 213.73 63 0
0.0 214.78 63 0
1204.5 215.84 63 0
131.0 194.63 13 0
0.0 195.42 63 0
129.0 196.75 63 0
0.0 198.61 63 0
0.0 199.67 63 0
1187.5 199.23 15 0
1168.5 200.34 18 0
1194.0 201.36 26 0
1130.25 202.48 30 0
1130.0 203.52 30 0
0.0 211.31 63 0
1141.0 205.63 18 0
0.0 213.44 63 0
0.0 214.50 63 0
0.0 215.55 63 0
126.0 196.05 13 0
134.0 194.98 13 0
0.0 195.78 63 0
131.75 197.11 63 0
140.5 199.20 63 0
0.0 198.97 63 0
232.75 198.61 13 0
261.0 198.50 13 0
340.75 199.63 13 0
1204.75 198.45 20 0
382.5 202.20 13 0
585.75 202.80 13 0
1141.75 202.78 29 0
1167.5 203.84 16 0
0.0 211.66 63 0
0.0 212.70 63 0
0.0 213.77 63 0
2692.5 214.81 63 0
3657.5 10.78 32 1
121.25 193.27 13 0
119.5 196.19 63 0
127.0 197.80 63 0
134.75 197.52 63 0
0.0 198.31 63 0
0.0 199.38 63 0
241.5 198.92 13 0
346.25 201.77 13 0
1174.5 200.02 19 0
1102.75 201.09 17 0
649.75 203.17 13 0
1128.25 203.20 27 0
1123.0 204.33 25 0
0.0 212.06 63 0
0.0 213.13 63 0
0.0 214.19 63 0
0.0 215.23 63 0
0.0 216.27 63 0
1234.0 210.52 18 0
122.5 195.30 13 0
130.0 194.48 13 0
0.0 195.27 63 0
127.75 196.59 63 0
135.75 197.66 63 0
0.0 198.45 63 0
0.0 199.52 63 0
278.25 198.52 13 0
1174.0 200.13 15 0
1167.5 201.16 29 0
1107.25 203.36 28 0
0.0 211.13 63 0
0.0 212.20 63 0
0.0 213.25 63 0
0.0 214.30 63 0
0.0 215.36 63 0
1239.75 210.63 13 0
269.75 76.02 61 1
122.25 195.78 63 0
138.25 198.94 63 0
0.0 198.70 63 0
1181.0 198.25 13 0
1190.25 199.28 19 0
1167.5 200.39 15 0
1200.0 201.42 24 0
1141.75 202.59 31 0
1145.0 203.58 37 0
1155.25 204.69 28 0
0.0 212.47 63 0
1090.5 206.86 22 0
1153.5 207.81 26 0
0.0 215.64 63 0
1216.75 209.84 13 0
253.25 250.92 25 1
127.25 194.09 13 0
0.0 195.95 63 0
133.25 198.11 63 0
0.0 198.06 63 0
152.0 199.39 63 0
1257.25 198.61 15 0
1173.25 199.75 14 0
1134.0 203.00 28 0
1140.0 204.03 17 0
1137.75 205.13 28 0
0.0 212.89 63 0
0.0 213.94 63 0
0.0 215.00 63 0
0.0 216.06 63 0
1210.0 210.30 20 0
0.0 196.23 63 0
0.0 197.30 63 0
0.0 198.36 63 0
0.0 199.42 63 0
1173.5 200.03 18 0
1135.0 201.17 28 0
1086.0 203.31 21 0
1120.0 204.38 28 0
1151.25 205.39 16 0
1159.25 206.42 19 0
0.0 214.22 63 0
0.0 215.28 63 0
1235.5 210.52 16 0
132.5 194.78 13 0
122.75 197.42 63 0
130.25 196.91 63 0
138.75 197.97 63 0
0.0 198.77 63 0
228.25 197.95 13 0
254.75 199.69 13 0
1185.0 198.33 19 0
1198.0 199.41 23 0
1173.25 200.42 16 0
1169.25 201.55 27 0
1114.0 202.61 18 0
1168.5 203.61 31 0
0.0 211.44 63 0
0.0 212.50 63 0
0.0 213.55 63 0
0.0 214.61 63 0
0.0 215.66 63 0
1201.75 210.00 16 0
9.5 7.91 29 1
5057.5 87.00 32 1
125.75 196.30 63 0
133.25 197.36 63 0
0.0 198.16 63 0
