157.5 294.98 13 0
5228.0 298.61 15 0
4070.75 19.44 14 0
5297.0 298.64 14 0
4069.25 19.52 15 0
157.5 294.98 13 0
5228.0 298.61 15 0
4070.75 19.44 14 0
5357.0 299.14 14 0
4072.5 19.44 14 0
5290.5 298.89 13 0
4073.25 19.19 15 0
202.75 296.91 13 0
5282.5 298.69 13 0
5157.25 298.39 13 0
5093.25 299.45 14 0
4111.5 19.67 13 0
161.5 295.34 13 0
174.75 295.91 13 0
190.25 296.97 13 0
5167.25 299.02 15 0
4069.25 19.27 14 0
183.75 296.53 13 0
200.5 297.59 13 0
5233.25 298.58 15 0
4110.75 19.81 13 0
161.75 295.36 13 0
175.0 295.92 13 0
5298.25 299.02 14 0
4070.0 19.28 13 0
5230.75 298.72 15 0
4023.75 19.03 13 0
5167.25 298.44 13 0
5376.0 299.47 13 0
4112.25 19.83 13 0
5366.5 299.30 14 0
4066.75 19.64 13 0
4661.25 21.70 13 0
5366.5 299.14 14 0
4073.25 19.44 15 0
5354.25 299.05 14 0
4070.0 19.23 16 0
5294.25 298.66 13 0
5371.75 299.45 13 0
4113.25 19.64 13 0
4780.25 21.70 13 0
5362.25 299.11 14 0
4069.25 19.34 14 0
5294.25 298.78 14 0
5295.75 299.22 13 0
4070.0 19.33 15 0
4069.25 19.19 17 0
5228.0 299.13 14 0
4066.75 19.28 14 0
5363.75 299.19 14 0
4066.0 19.33 15 0
5237.0 298.47 13 0
5286.5 298.95 13 0
4063.5 19.14 17 0
5230.75 298.53 14 0
4068.25 19.78 13 0
5293.0 299.06 13 0
4069.25 19.28 15 0
5226.75 298.75 14 0
4062.0 19.03 16 0
4725.25 22.16 13 0
5233.25 298.42 13 0
5096.75 299.50 13 0
4074.0 19.58 15 0
5370.5 298.98 14 0
4070.75 19.30 15 0
5234.5 298.69 14 0
4062.75 18.95 13 0
5092.0 299.23 14 0
4067.5 19.58 14 0
5234.5 299.03 15 0
4069.25 19.31 14 0
5301.0 298.81 13 0
4066.0 19.09 18 0
4669.5 22.20 13 0
5293.0 298.75 14 0
4062.0 19.02 15 0
4789.0 22.12 13 0
5177.25 298.52 15 0
168.75 295.44 13 0
183.0 296.50 13 0
199.0 297.56 13 0
5239.75 298.55 14 0
699.0 21.69 13 0
5301.0 298.52 14 0
194.5 296.91 13 0
5230.75 299.28 14 0
4066.75 19.48 15 0
5298.25 298.77 13 0
4026.0 19.05 14 0
153.75 294.63 13 0
166.0 295.69 13 0
196.25 296.89 13 0
215.0 297.69 13 0
4080.5 19.59 14 0
206.75 297.89 13 0
228.25 298.27 13 0
5365.0 298.88 13 0
4068.25 19.14 16 0
181.0 296.33 13 0
4067.5 19.61 14 0
161.5 295.31 13 0
174.75 295.88 13 0
190.0 296.94 13 0
208.5 297.13 13 0
5228.0 298.98 15 0
4069.25 19.14 16 0
4072.5 19.50 15 0
172.25 295.69 13 0
205.0 297.81 13 0
5299.75 298.78 14 0
4108.25 18.95 13 0
211.75 298.25 13 0
5294.25 299.23 13 0
0.0 311.17 63 0
4068.25 19.34 15 0
5230.75 298.61 14 0
161.5 295.34 13 0
174.75 295.91 13 0
190.25 296.97 13 0
208.75 298.03 13 0
5359.75 299.00 13 0
4070.75 19.12 18 0
4730.75 22.20 13 0
5302.25 299.16 14 0
4115.5 19.31 14 0
5295.75 299.19 14 0
4074.75 19.25 14 0
5366.5 299.06 14 0
4070.75 19.22 18 0
5295.75 299.25 13 0
4067.5 19.37 15 0
5232.0 298.58 14 0
4027.0 19.75 13 0
5367.75 299.09 14 0
4066.0 19.31 15 0
5297.0 298.73 13 0
5359.75 299.22 13 0
4072.5 19.42 15 0
5232.0 298.73 14 0
5299.75 299.06 14 0
4069.25 19.28 15 0
5094.5 299.48 13 0
5237.0 298.91 14 0
