4075.5 19.34 16 0
5232.0 298.58 14 0
4066.75 19.55 15 0
5327.5 299.50 13 0
4119.0 19.33 17 0
168.5 295.50 13 0
199.0 297.63 13 0
220.25 298.00 13 0
5230.75 298.64 14 0
157.75 295.09 13 0
5229.5 298.77 14 0
5235.75 298.66 14 0
5366.5 299.25 13 0
4067.5 19.56 14 0
5295.75 298.95 14 0
4042.75 19.22 21 0
5167.25 298.58 14 0
4114.75 19.80 13 0
5297.0 298.97 14 0
5164.75 298.47 13 0
5093.25 299.52 13 0
5297.0 299.08 14 0
4072.5 19.22 20 0
5166.0 298.48 13 0
5312.75 299.55 13 0
4070.75 19.80 13 0
5365.0 299.14 13 0
4072.5 19.33 17 0
5226.75 298.67 14 0
4071.5 20.03 13 0
4068.25 19.77 13 0
4067.5 19.53 15 0
5365.0 298.98 14 0
4065.25 19.34 15 0
5367.75 299.00 14 0
4066.75 19.36 15 0
5298.25 299.08 14 0
4066.75 19.41 15 0
5363.75 299.22 13 0
4065.25 19.56 15 0
4071.5 19.61 15 0
4114.75 19.77 13 0
5371.75 299.41 13 0
4070.0 19.70 14 0
165.75 295.73 13 0
179.25 296.30 13 0
5369.0 299.44 13 0
4115.5 19.80 13 0
194.0 297.28 13 0
4112.25 19.70 14 0
194.5 297.28 13 0
5367.75 299.34 13 0
4112.25 19.75 14 0
5306.25 299.38 13 0
4114.0 19.73 14 0
4112.25 19.75 13 0
166.75 295.83 13 0
197.5 296.63 13 0
217.25 297.25 13 0
241.0 298.13 13 0
5166.0 298.45 13 0
167.5 295.91 13 0
181.5 296.47 13 0
198.0 297.53 13 0
242.25 297.53 13 0
5232.0 298.53 13 0
5380.0 299.58 13 0
183.5 296.59 13 0
200.5 297.64 13 0
221.25 298.95 13 0
5230.75 298.64 14 0
168.75 295.53 13 0
220.75 298.72 13 0
5232.0 298.66 14 0
167.5 295.63 13 0
181.5 296.44 13 0
218.75 297.11 13 0
242.25 298.66 13 0
5232.0 298.48 14 0
5380.0 299.53 13 0
192.25 297.17 13 0
210.75 298.23 13 0
5365.0 299.23 13 0
0.0 311.17 63 0
4070.0 19.42 15 0
169.5 295.56 13 0
