1084.25 300.67 13 0
5229.5 298.92 15 0
0.0 309.78 13 0
4115.5 19.42 14 0
4123.0 19.66 13 0
1084.25 300.67 13 0
5229.5 298.92 15 0
0.0 309.78 13 0
4115.5 19.42 14 0
4123.0 19.66 13 0
1084.25 300.67 13 0
5229.5 298.92 15 0
0.0 309.78 13 0
4115.5 19.42 14 0
1772.5 300.98 13 0
4044.25 19.34 20 0
665.5 300.14 13 0
992.0 300.59 13 0
1843.0 300.97 13 0
4077.25 19.31 20 0
530.0 300.06 13 0
1078.0 300.66 13 0
4070.75 19.58 13 0
260.0 299.36 13 0
561.75 299.95 13 0
5169.75 298.86 14 0
3123.5 301.14 13 0
469.0 299.89 13 0
596.75 300.19 13 0
659.25 300.31 13 0
974.25 300.61 13 0
4074.75 19.36 19 0
449.25 299.86 13 0
561.5 300.06 13 0
5164.75 298.89 13 0
1231.0 300.86 13 0
492.0 299.80 13 0
641.0 300.19 13 0
5370.5 299.30 14 0
1637.75 300.92 13 0
4072.5 19.25 18 0
415.25 299.70 13 0
509.75 299.92 14 0
674.5 300.27 14 0
1011.0 300.61 13 0
1900.0 301.06 13 0
4084.5 19.41 17 0
519.0 299.86 13 0
688.25 300.23 13 0
1029.0 300.66 13 0
4072.5 19.48 14 0
1203.0 300.81 13 0
632.0 300.30 13 0
5310.25 299.27 15 0
1619.5 300.91 13 0
4072.5 19.23 17 0
548.0 300.13 13 0
5174.75 298.75 13 0
1145.25 300.72 14 0
0.0 310.66 13 0
572.25 300.14 13 0
5226.75 298.91 14 0
0.0 309.77 13 0
0.0 310.81 13 0
283.75 298.16 13 0
377.5 299.09 13 0
455.5 299.53 13 0
574.25 300.16 13 0
5230.75 298.94 14 0
1287.5 300.78 13 0
0.0 309.81 13 0
224.25 299.00 13 0
251.0 298.00 13 0
283.25 298.83 13 0
325.0 298.56 13 0
376.5 299.25 13 0
452.5 299.52 13 0
568.75 300.02 13 0
5224.25 298.91 14 0
1262.25 300.80 13 0
3132.25 301.17 13 0
0.0 309.77 13 0
286.75 298.44 13 0
327.25 299.05 13 0
462.25 299.63 13 0
0.0 310.92 13 0
234.75 299.08 13 0
262.5 298.63 13 0
299.0 298.75 13 0
343.75 299.36 13 0
404.75 299.36 13 0
493.0 299.67 14 0
641.5 300.22 13 0
5558.5 299.30 15 0
1641.5 300.95 13 0
4036.5 19.25 21 0
671.5 300.38 13 0
0.0 310.38 13 0
4082.0 19.42 16 0
217.25 297.36 13 0
241.0 299.25 13 0
271.25 298.36 13 0
308.75 298.83 13 0
356.25 299.41 14 0
520.5 299.98 13 0
690.75 300.31 14 0
1023.75 300.69 13 0
4120.5 19.44 14 0
650.0 300.25 13 0
952.25 300.53 13 0
4074.0 19.25 20 0
218.25 298.70 13 0
242.75 297.89 13 0
273.0 298.20 14 0
310.75 298.48 14 0
532.5 300.02 14 0
710.0 300.25 13 0
1070.0 300.77 13 0
0.0 311.58 13 0
4110.75 19.53 14 0
283.75 298.39 13 0
325.75 299.23 13 0
380.25 299.27 13 0
456.25 299.63 13 0
574.75 300.13 13 0
5167.25 298.94 15 0
1298.75 300.84 13 0
0.0 309.80 13 0
339.75 299.25 13 0
5086.0 299.28 15 0
4019.75 19.14 14 0
262.75 298.17 13 0
299.0 298.70 13 0
343.25 299.25 13 0
404.25 299.52 13 0
493.0 299.73 14 0
642.5 300.19 13 0
1641.5 300.89 13 0
4030.0 19.23 21 0
705.25 300.34 13 0
1069.25 300.67 13 0
4065.25 19.59 13 0
470.0 299.56 13 0
0.0 309.95 13 0
696.75 300.33 14 0
1031.0 300.66 13 0
4067.5 19.59 14 0
287.25 298.39 13 0
328.25 298.63 13 0
384.0 299.50 14 0
462.5 299.70 13 0
586.75 300.13 13 0
