4075.5 19.55 15 0
5171.0 298.61 13 0
0.0 27.11 63 0
4119.75 20.47 13 0
5232.0 298.61 13 0
4075.5 19.55 15 0
5171.0 298.61 13 0
0.0 27.11 63 0
4119.75 20.47 13 0
5232.0 298.61 13 0
4075.5 19.55 15 0
5171.0 298.61 13 0
0.0 27.11 63 0
5166.0 298.52 14 0
4112.25 19.58 13 0
5233.25 298.92 14 0
4066.0 19.08 15 0
4733.75 22.19 13 0
4070.0 19.37 14 0
5295.75 298.83 13 0
4062.0 19.03 14 0
4729.5 22.14 14 0
5166.0 298.44 13 0
5098.0 299.52 13 0
5371.75 299.41 13 0
4071.5 19.72 13 0
4074.0 19.64 14 0
4116.5 19.62 14 0
4116.5 19.62 14 0
4116.5 19.59 15 0
5366.5 299.27 14 0
4071.5 19.72 13 0
5094.5 299.47 13 0
4112.25 19.77 13 0
4074.0 19.48 16 0
5239.75 298.88 13 0
4076.5 19.16 15 0
5229.5 298.61 14 0
4075.5 19.59 15 0
174.5 295.88 13 0
189.75 296.94 13 0
208.0 296.78 13 0
5358.25 298.98 13 0
4084.5 19.27 17 0
169.0 295.45 13 0
183.5 296.52 13 0
200.25 297.58 13 0
5230.75 298.58 15 0
5234.5 299.20 15 0
0.0 311.13 63 0
4068.25 19.44 15 0
203.0 297.03 13 0
5172.25 298.70 14 0
261.0 19.27 13 0
4071.5 19.56 15 0
161.75 295.41 13 0
5359.75 299.06 14 0
4067.5 19.33 14 0
188.5 296.84 13 0
5301.0 298.89 13 0
4072.5 19.19 17 0
188.5 296.86 13 0
206.25 297.92 13 0
5235.75 298.94 15 0
4073.25 19.20 18 0
157.75 295.02 13 0
203.0 296.86 13 0
5294.25 298.69 13 0
166.5 295.77 13 0
197.0 297.63 13 0
5090.75 299.45 14 0
4115.5 19.66 13 0
162.0 295.41 13 0
191.5 297.03 13 0
210.25 298.08 13 0
5361.0 299.08 14 0
4070.0 19.33 15 0
184.5 296.61 13 0
5226.75 298.67 14 0
160.75 295.27 13 0
5301.0 298.91 13 0
4064.25 19.06 15 0
5298.25 299.11 14 0
4076.5 19.20 20 0
4075.5 19.50 16 0
5229.5 298.63 13 0
5297.0 299.13 14 0
4114.75 19.28 14 0
5169.75 298.45 13 0
4114.75 19.66 13 0
5232.0 298.80 14 0
5362.25 299.03 14 0
4078.0 19.17 15 0
4071.5 19.61 15 0
5299.75 298.78 13 0
4023.0 18.97 13 0
5366.5 298.94 14 0
4074.75 19.17 16 0
5362.25 299.17 14 0
4068.25 19.37 14 0
4114.0 20.41 13 0
5168.5 298.48 13 0
5382.75 299.52 13 0
4112.25 19.69 13 0
5237.0 298.84 13 0
4065.25 19.02 13 0
4722.0 22.14 13 0
5305.0 299.30 13 0
4073.25 19.48 15 0
5230.75 298.67 14 0
5295.75 299.17 14 0
4109.75 19.30 13 0
