4057.0 19.12 15 0
222.5 298.84 13 0
248.25 297.83 13 0
280.5 298.47 13 0
320.75 298.59 13 0
446.5 299.64 13 0
5166.0 298.80 13 0
194.5 297.36 13 0
213.5 298.42 13 0
236.75 299.47 13 0
266.25 298.23 13 0
303.0 298.77 13 0
4742.5 299.42 13 0
4069.25 19.55 14 0
221.25 297.45 13 0
246.5 297.66 13 0
278.0 298.00 14 0
440.25 299.36 13 0
5179.75 298.69 13 0
186.75 296.89 13 0
204.75 297.95 14 0
226.0 297.94 13 0
252.5 298.86 13 0
285.25 298.42 13 0
5291.75 298.94 13 0
207.75 298.09 13 0
229.75 298.66 13 0
291.25 298.36 13 0
333.25 299.22 13 0
4078.75 19.27 20 0
211.5 298.58 13 0
235.0 299.39 13 0
263.25 298.22 13 0
299.5 298.39 13 0
343.5 299.25 13 0
491.75 299.89 13 0
4110.75 19.44 14 0
216.5 297.14 13 0
269.25 298.63 13 0
306.75 298.98 13 0
4066.0 19.56 14 0
211.25 298.28 13 0
234.5 299.34 13 0
262.75 298.45 13 0
4026.0 19.20 22 0
157.5 295.13 13 0
5235.75 298.77 13 0
4071.5 19.72 13 0
5228.0 299.02 15 0
4066.0 19.48 14 0
188.0 296.91 13 0
205.25 297.45 13 0
5162.25 298.94 14 0
179.0 296.34 13 0
214.5 297.89 13 0
237.75 299.27 13 0
267.25 298.48 13 0
303.5 299.00 13 0
349.0 299.30 13 0
413.5 299.28 13 0
504.25 299.88 13 0
4079.75 19.33 19 0
5169.75 298.72 13 0
163.5 295.64 13 0
177.0 296.19 13 0
192.75 297.25 13 0
211.0 298.30 13 0
234.5 297.59 13 0
262.5 297.83 13 0
298.75 298.84 13 0
4075.5 19.25 21 0
157.5 295.09 13 0
5230.75 298.73 14 0
4113.25 19.77 13 0
161.75 295.52 13 0
174.75 296.06 13 0
209.0 296.92 13 0
167.5 295.94 13 0
181.5 296.48 13 0
198.0 297.55 14 0
218.5 298.61 13 0
242.0 297.84 13 0
273.25 298.58 13 0
309.0 298.81 13 0
523.25 299.88 13 0
702.5 300.20 13 0
4062.0 19.50 15 0
187.25 296.91 13 0
205.0 297.95 13 0
252.75 298.19 13 0
285.0 298.42 13 0
5225.5 298.92 14 0
183.5 296.64 13 0
200.5 297.69 13 0
221.0 297.34 14 0
246.25 298.02 13 0
277.5 298.77 13 0
317.0 298.80 13 0
367.0 299.27 13 0
439.75 299.33 13 0
544.0 299.94 13 0
5172.25 298.67 15 0
345.0 326.83 61 1
4111.5 19.84 13 0
183.75 296.64 13 0
221.0 298.08 13 0
5239.75 298.67 13 0
168.25 295.52 13 0
182.25 296.58 13 0
198.5 297.63 14 0
219.5 297.05 13 0
244.25 299.75 13 0
275.0 298.59 13 0
314.0 298.48 13 0
362.75 299.28 13 0
431.5 299.70 13 0
5168.5 298.61 14 0
4113.25 19.69 13 0
154.0 294.78 13 0
165.75 295.83 13 0
196.25 297.45 13 0
215.75 297.67 13 0
239.5 297.63 13 0
269.0 298.13 13 0
306.75 298.48 13 0
514.5 299.88 13 0
4109.75 19.61 14 0
194.5 297.34 14 0
213.75 298.39 13 0
236.75 299.03 13 0
265.75 298.56 13 0
302.5 298.63 13 0
502.25 299.69 13 0
4751.0 299.39 13 0
4066.75 19.45 14 0
176.25 296.11 13 0
210.25 298.22 13 0
233.0 298.94 13 0
261.0 297.86 13 0
297.0 299.02 13 0
340.5 299.23 13 0
5741.75 301.25 13 0
4076.5 19.36 17 0
163.5 295.61 13 0
176.75 296.17 13 0
193.0 297.11 13 0
211.0 298.28 13 0
234.5 297.58 13 0
262.75 298.30 13 0
298.75 298.80 13 0
4079.75 19.34 18 0
162.0 295.53 13 0
175.75 296.09 13 0
191.5 297.16 13 0
232.5 299.27 13 0
260.0 297.97 13 0
5228.0 301.30 13 0
4074.75 19.27 21 0
194.0 297.31 13 0
213.0 298.36 13 0
236.25 297.88 13 0
264.0 297.97 13 0
301.25 299.06 13 0
344.75 298.75 13 0
4108.25 19.45 14 0
166.0 295.81 13 0
196.25 297.42 13 0
215.5 298.48 13 0
239.5 299.53 13 0
269.25 298.00 13 0
