0.5 19.09 14 0
5299.75 298.98 13 0
4112.25 19.77 13 0
5167.25 298.44 13 0
4037.25 19.27 22 0
4017.5 19.09 14 0
5299.75 298.98 13 0
4112.25 19.77 13 0
5167.25 298.44 13 0
4037.25 19.27 22 0
4017.5 19.09 14 0
182.25 296.53 13 0
198.5 297.58 13 0
243.75 299.14 13 0
274.5 298.77 13 0
5171.0 298.59 13 0
210.5 298.22 13 0
5166.0 299.22 14 0
4081.25 19.44 15 0
169.75 295.61 13 0
184.5 296.67 13 0
5232.0 298.72 13 0
190.5 297.06 13 0
231.25 299.19 13 0
5365.0 299.11 13 0
4038.0 19.25 23 0
165.75 295.77 13 0
4070.0 19.58 13 0
168.75 295.55 13 0
183.25 296.59 13 0
199.0 297.66 13 0
220.5 297.69 13 0
5233.25 298.64 13 0
204.25 297.80 13 0
224.5 298.86 13 0
5233.25 298.77 14 0
174.75 295.98 13 0
190.0 297.05 13 0
208.5 297.19 13 0
5297.0 299.08 14 0
4074.0 19.19 21 0
178.0 296.22 13 0
194.0 297.28 13 0
213.0 298.33 13 0
236.5 298.59 13 0
4087.75 19.39 15 0
168.0 295.50 13 0
198.5 297.61 13 0
219.25 298.67 13 0
244.0 298.67 14 0
274.75 298.84 13 0
312.0 298.52 13 0
5172.25 298.61 13 0
4108.25 19.73 13 0
224.5 297.27 13 0
249.75 298.14 13 0
5233.25 298.77 13 0
5235.75 298.81 14 0
172.0 295.77 13 0
187.0 296.83 13 0
204.75 298.13 13 0
225.75 297.14 13 0
284.75 298.80 13 0
5232.0 298.86 14 0
205.0 297.95 13 0
5290.5 298.92 13 0
161.75 295.45 13 0
4034.75 19.23 22 0
174.5 295.98 13 0
5232.0 299.08 15 0
4066.75 19.20 16 0
162.0 295.47 13 0
191.25 296.67 13 0
5299.75 299.11 13 0
4079.75 19.34 18 0
4067.5 19.50 16 0
5169.75 298.52 13 0
5384.0 299.56 13 0
4113.25 19.72 13 0
5294.25 298.94 13 0
262.25 299.13 13 0
4071.5 19.47 16 0
5228.0 298.66 14 0
151.75 294.27 13 0
163.5 295.58 13 0
262.25 298.77 13 0
4075.5 19.44 15 0
201.0 297.70 13 0
221.5 297.48 13 0
5229.5 298.69 14 0
161.75 295.47 13 0
4079.75 19.36 16 0
168.25 295.48 13 0
198.5 297.59 13 0
219.25 298.66 13 0
244.25 298.11 13 0
5234.5 298.58 13 0
211.5 298.31 13 0
4067.5 19.64 14 0
174.5 295.97 13 0
190.0 297.03 13 0
208.25 298.08 13 0
230.25 298.31 13 0
5235.75 299.08 15 0
4083.0 19.34 17 0
184.5 296.69 13 0
247.25 299.08 13 0
5238.5 298.72 13 0
176.0 296.08 13 0
210.25 298.19 13 0
233.25 299.25 13 0
5295.75 299.16 13 0
4070.0 19.39 15 0
185.25 296.73 13 0
202.75 297.80 13 0
223.0 298.84 13 0
5230.75 298.80 14 0
242.0 297.66 13 0
5384.0 299.56 13 0
179.75 296.36 13 0
196.0 297.41 13 0
215.5 297.30 13 0
210.5 298.20 13 0
261.0 298.05 13 0
4028.5 19.48 13 0
188.0 296.91 13 0
5299.75 298.97 13 0
4039.5 19.20 20 0
5371.75 299.52 13 0
4113.25 19.75 13 0
5298.25 299.06 13 0
4041.25 19.22 21 0
4070.75 19.64 15 0
5232.0 298.81 14 0
4066.0 19.42 15 0
5230.75 298.58 14 0
4064.25 19.59 15 0
5234.5 298.89 14 0
4020.5 19.09 13 0
4074.75 19.56 16 0
5234.5 298.58 13 0
5295.75 298.97 14 0
4069.25 19.23 19 0
5164.75 298.53 13 0
4070.75 19.89 13 0
4067.5 19.56 16 0
