172.5 295.80 13 0
4071.5 19.66 14 0
5297.0 298.88 13 0
261.0 297.80 13 0
5363.75 299.14 13 0
5229.5 298.80 14 0
4070.75 19.30 17 0
4070.0 19.66 15 0
5232.0 298.56 13 0
4021.5 19.06 14 0
5229.5 299.09 15 0
4069.25 19.52 16 0
5302.25 298.94 14 0
4027.75 19.41 15 0
5167.25 298.52 13 0
5374.5 299.58 13 0
176.75 296.09 13 0
5232.0 299.22 15 0
0.0 311.17 63 0
0.0 7.30 63 0
4110.75 19.69 13 0
169.5 295.56 13 0
184.0 296.63 13 0
5226.75 298.72 14 0
4030.75 19.12 18 0
174.75 295.95 14 0
190.25 297.00 13 0
208.5 297.44 13 0
5362.25 299.08 14 0
4070.0 19.52 16 0
5365.0 299.34 13 0
4072.5 19.70 13 0
165.75 295.75 13 0
214.75 298.42 13 0
166.0 295.75 13 0
196.25 297.36 13 0
215.5 297.92 13 0
5361.0 299.41 13 0
4112.25 19.78 13 0
167.5 295.91 13 0
181.75 296.45 13 0
198.0 297.53 13 0
5164.75 298.53 14 0
5374.5 299.58 13 0
198.25 297.53 13 0
5237.0 298.55 13 0
5381.25 299.58 13 0
168.25 295.47 13 0
198.75 297.58 13 0
5234.5 298.58 14 0
168.75 295.52 13 0
183.5 296.58 13 0
200.5 297.64 13 0
5224.25 298.64 14 0
181.25 296.42 13 0
5167.25 298.50 13 0
5374.5 299.55 13 0
4068.25 19.77 14 0
210.75 298.20 13 0
5362.25 299.20 13 0
4072.5 19.42 15 0
157.75 295.06 13 0
5233.25 298.73 14 0
161.5 295.41 13 0
174.75 295.95 13 0
190.25 297.02 13 0
208.75 298.08 13 0
5294.25 299.08 13 0
4065.25 19.20 17 0
4071.5 19.55 15 0
172.0 295.75 13 0
187.0 296.81 13 0
205.0 297.31 13 0
5232.0 298.86 14 0
4109.0 19.02 13 0
4073.25 19.48 15 0
188.25 296.89 13 0
5302.25 298.94 14 0
4060.25 19.12 16 0
167.5 295.88 13 0
5390.75 299.55 13 0
4069.25 19.77 13 0
4077.25 19.56 15 0
5363.75 299.05 14 0
4067.5 19.33 15 0
5232.0 298.75 14 0
5169.75 298.47 13 0
5380.0 299.52 13 0
0.0 27.44 63 0
5361.0 299.05 14 0
4076.5 19.31 15 0
5229.5 298.64 14 0
5168.5 298.52 13 0
4110.75 19.69 13 0
4077.25 19.61 14 0
5287.75 299.22 13 0
4072.5 19.56 15 0
5302.25 299.20 13 0
4025.25 19.52 16 0
