380.5 295.06 13 0
1753.75 296.78 13 0
348.5 294.72 13 0
503.25 295.78 13 0
660.5 295.94 13 0
970.75 296.36 13 0
1753.75 296.78 13 0
310.25 294.58 13 0
529.75 295.75 14 0
711.5 296.20 13 0
1073.75 296.55 13 0
346.5 294.89 13 0
501.75 295.78 13 0
660.0 296.11 13 0
971.0 296.52 13 0
1756.75 296.89 13 0
3919.25 1.67 15 0
369.0 294.91 13 0
442.0 295.45 14 0
553.75 295.88 13 0
754.75 296.27 13 0
297.5 294.89 13 0
341.25 294.94 13 0
402.0 295.53 13 0
635.5 296.08 13 0
4755.25 295.20 13 0
1618.25 296.83 13 0
3951.75 1.59 16 0
313.75 294.31 13 0
364.5 294.86 13 0
435.25 295.33 13 0
541.5 295.77 13 0
5172.25 294.52 13 0
1135.0 296.50 13 0
2404.25 296.94 13 0
595.5 296.05 13 0
1395.5 296.78 13 0
4394.75 297.11 13 0
3926.75 1.39 19 0
310.5 295.06 13 0
428.5 295.34 13 0
533.5 295.84 13 0
1077.25 296.53 13 0
283.75 294.17 13 0
325.5 295.06 13 0
380.25 295.03 13 0
456.0 295.59 13 0
574.5 295.94 13 0
796.75 296.25 13 0
1292.25 296.67 13 0
3920.0 1.20 19 0
267.75 293.92 13 0
352.25 294.70 13 0
415.75 295.44 13 0
509.0 295.69 14 0
674.0 296.17 14 0
1004.75 296.53 13 0
3923.0 1.73 14 0
250.75 294.19 13 0
282.75 294.95 14 0
323.75 295.14 13 0
376.0 295.38 14 0
454.0 295.42 13 0
570.5 295.86 13 0
789.75 296.27 13 0
0.0 305.66 13 0
3925.25 1.25 20 0
245.0 294.17 13 0
276.0 294.84 13 0
315.5 294.50 13 0
365.5 295.25 13 0
436.25 295.47 13 0
544.0 295.78 14 0
736.25 296.22 13 0
1136.25 296.53 13 0
2423.0 296.97 13 0
0.0 305.42 13 0
0.0 306.48 13 0
234.75 294.39 13 0
262.75 294.83 14 0
299.5 294.27 13 0
343.5 295.03 13 0
492.0 295.77 14 0
640.0 296.14 13 0
4985.75 295.23 15 0
1631.5 296.86 13 0
3923.75 1.66 15 0
250.75 293.58 13 0
282.5 293.97 13 0
323.25 294.81 13 0
376.0 295.14 14 0
452.25 295.42 13 0
568.5 295.97 13 0
787.5 296.19 13 0
1258.75 296.67 13 0
0.0 305.64 13 0
3921.5 1.23 20 0
195.0 292.75 13 0
214.0 293.41 13 0
237.5 294.17 14 0
303.25 294.31 13 0
349.5 294.77 13 0
412.75 295.16 13 0
505.0 295.92 13 0
664.0 296.19 13 0
3921.5 1.81 14 0
446.75 295.72 13 0
559.5 295.80 13 0
5169.75 294.72 13 0
1209.25 296.69 13 0
0.0 305.59 13 0
3877.75 1.20 16 0
