3143.25 238.95 14 0
3144.75 241.03 13 0
3173.25 239.22 13 0
3172.75 239.14 13 0
3173.25 241.22 13 0
3496.25 268.25 14 0
4988.25 339.89 15 0
3495.0 212.94 13 0
3170.75 239.02 13 0
3170.75 240.06 13 0
3144.25 238.94 13 0
3171.75 239.97 13 0
3144.75 238.94 13 0
3423.5 223.16 13 0
3146.25 238.86 13 0
3653.0 281.48 13 0
3172.25 240.94 13 0
3685.25 281.53 13 0
3169.75 238.88 13 0
3171.75 239.92 13 0
3169.25 238.81 13 0
3653.0 281.48 13 0
3169.75 238.77 13 0
3118.25 255.31 14 0
3108.25 233.31 13 0
3037.5 255.20 14 0
3109.25 254.80 13 0
4997.75 339.92 16 0
3145.25 238.86 13 0
4935.5 339.58 13 0
3082.75 233.36 13 0
3139.5 255.19 14 0
2940.5 250.81 13 0
3113.5 254.95 14 0
3526.5 268.39 13 0
4940.0 340.03 16 0
3643.25 210.77 13 0
3169.75 238.92 13 0
3169.75 239.97 13 0
3532.5 267.00 13 0
3144.25 238.83 13 0
3115.75 255.52 14 0
3114.5 255.20 14 0
3680.75 281.19 13 0
3112.5 233.27 13 0
3114.0 255.11 14 0
