3459.0 268.25 13 0
5058.25 339.98 16 0
3682.75 211.58 13 0
3114.5 255.16 13 0
3532.0 268.52 13 0
3649.25 281.20 13 0
5058.25 339.98 16 0
3682.75 211.58 13 0
3114.5 255.16 13 0
3532.0 268.52 13 0
4999.0 339.98 16 0
3461.25 220.16 13 0
3173.25 238.95 13 0
3116.25 255.63 14 0
3607.25 216.52 13 0
3647.25 269.48 13 0
5007.25 340.02 16 0
3684.0 211.58 13 0
3114.5 255.34 14 0
3612.5 281.27 13 0
4993.0 339.34 15 0
5000.0 339.94 16 0
3530.0 221.13 13 0
3170.75 238.84 13 0
3141.0 255.48 13 0
4997.75 339.53 14 0
3609.75 216.64 13 0
3115.0 255.17 13 0
5057.0 339.17 13 0
5065.5 340.20 13 0
3482.5 223.45 14 0
3171.75 239.09 13 0
3567.0 273.42 13 0
4933.0 339.80 13 0
3141.0 255.41 14 0
3682.0 281.34 13 0
4994.25 339.47 14 0
3496.25 268.31 13 0
5055.75 339.91 15 0
3039.25 255.33 15 0
3611.25 267.69 13 0
4993.0 339.42 15 0
3607.25 216.53 13 0
3115.0 255.06 13 0
5058.25 339.20 14 0
3608.0 216.39 13 0
3115.0 255.03 13 0
5055.75 339.17 13 0
5067.75 340.20 13 0
3608.0 216.55 13 0
3036.25 255.20 14 0
3733.75 282.22 13 0
4993.0 339.38 14 0
3644.5 211.55 13 0
3139.0 255.39 14 0
4989.5 339.52 14 0
3457.75 223.13 13 0
3114.5 255.39 14 0
4994.25 339.56 14 0
3729.0 209.27 13 0
3577.75 216.56 14 0
3113.5 255.22 14 0
5059.5 339.19 15 0
3532.0 220.22 13 0
3531.25 221.28 13 0
3574.0 216.42 13 0
3114.0 255.05 13 0
3644.5 269.52 13 0
3613.0 274.72 13 0
3733.0 209.63 13 0
3456.5 223.17 13 0
3115.75 255.45 14 0
5065.5 339.56 13 0
3578.25 216.42 13 0
2938.75 250.89 13 0
3559.5 220.19 14 0
3529.5 221.22 13 0
3146.25 238.94 14 0
3115.75 255.58 13 0
3114.5 255.09 13 0
3610.5 274.78 13 0
4843.0 305.89 13 0
4990.5 339.09 13 0
5003.75 339.92 16 0
3561.5 220.11 14 0
3114.5 255.59 14 0
3530.0 267.00 13 0
3529.5 220.14 14 0
3172.75 238.94 13 0
3118.25 255.58 14 0
3530.75 266.95 13 0
3531.25 217.80 13 0
3034.75 255.33 15 0
4994.25 339.34 15 0
3574.0 216.53 13 0
3114.0 255.14 13 0
4789.0 305.97 13 0
4996.5 339.28 15 0
3572.75 274.73 13 0
5055.75 339.16 14 0
3577.0 216.45 13 0
3115.0 255.05 13 0
3609.75 274.77 13 0
4994.25 339.23 14 0
3689.25 209.17 13 0
3115.0 255.03 13 0
4999.0 339.17 14 0
3684.5 211.23 13 0
3610.5 216.44 13 0
3114.0 255.05 13 0
5052.25 339.20 15 0
3113.0 255.14 13 0
4844.25 305.98 13 0
4994.25 339.22 14 0
3609.75 269.50 13 0
4842.0 305.84 13 0
5064.25 340.13 13 0
3608.5 216.38 13 0
3642.75 274.67 13 0
3489.0 223.48 13 0
4993.0 339.92 15 0
5001.25 339.89 16 0
3138.5 255.39 14 0
