3530.0 205.41 13 0
3115.75 255.69 13 0
5073.75 340.27 13 0
3142.75 239.58 13 0
3112.5 255.09 13 0
3464.25 268.52 13 0
3115.75 255.69 13 0
5073.75 340.27 13 0
3142.75 239.58 13 0
3112.5 255.09 13 0
3464.25 268.52 13 0
3528.25 207.77 13 0
3118.75 228.69 13 0
3169.75 239.11 14 0
3174.25 241.17 14 0
4940.0 340.06 15 0
3145.25 228.78 13 0
3169.75 239.23 14 0
3116.75 244.45 13 0
3117.75 246.53 13 0
4932.0 339.95 15 0
3562.75 207.69 14 0
3143.25 239.05 14 0
3142.0 241.09 14 0
3684.0 272.27 13 0
3110.5 234.61 13 0
3114.0 251.25 13 0
3114.0 253.34 13 0
3117.25 255.44 13 0
5000.0 339.48 15 0
2974.25 233.19 13 0
3169.75 240.44 13 0
3114.0 255.00 13 0
4939.0 340.13 15 0
3529.5 207.59 13 0
3142.5 238.86 13 0
3685.25 281.44 13 0
4997.75 339.55 14 0
3170.25 228.78 13 0
3170.75 238.16 13 0
3144.75 239.20 14 0
3200.25 241.27 13 0
2935.5 250.64 13 0
3117.25 255.83 13 0
3170.25 261.00 13 0
3429.75 268.25 13 0
4930.75 339.84 14 0
3111.5 234.66 13 0
3114.5 242.97 13 0
4999.0 339.50 14 0
3144.75 228.22 13 0
3115.75 242.78 13 0
3115.5 255.25 14 0
3576.5 283.27 13 0
2976.75 233.25 13 0
3142.75 239.48 13 0
3170.25 240.52 13 0
3111.0 255.11 13 0
5067.75 340.23 13 0
2973.25 233.28 13 0
3143.75 239.48 13 0
3112.5 255.09 14 0
3495.0 268.55 13 0
5006.0 340.20 15 0
3144.25 228.77 13 0
3173.25 239.14 14 0
