3170.25 239.19 13 0
3565.25 267.05 13 0
5065.5 340.34 13 0
3118.75 238.53 13 0
3060.5 255.13 14 0
3170.25 239.19 13 0
3565.25 267.05 13 0
5065.5 340.34 13 0
3169.75 239.14 14 0
3201.25 240.17 13 0
3492.5 268.30 14 0
5065.5 340.02 16 0
2938.5 250.73 13 0
3111.5 254.91 14 0
3493.25 268.39 13 0
5066.5 340.06 15 0
3426.25 217.25 13 0
3171.25 239.14 14 0
4996.5 339.86 15 0
3086.0 234.80 13 0
3119.25 238.94 13 0
3116.75 251.28 13 0
4995.25 339.58 13 0
3143.25 238.75 13 0
4936.5 339.58 13 0
3038.0 255.11 14 0
5058.25 340.22 14 0
3171.75 239.08 14 0
3201.25 240.13 13 0
3143.25 255.73 13 0
3563.25 267.13 14 0
4936.5 339.88 15 0
3607.25 208.58 13 0
3142.5 251.23 13 0
3654.25 281.33 13 0
4939.0 339.44 13 0
5055.75 340.47 13 0
