3116.25 255.33 14 0
5003.75 339.94 15 0
3493.75 221.81 13 0
3146.75 238.92 13 0
3564.5 266.98 13 0
3169.25 238.75 13 0
3116.25 255.41 13 0
4934.25 339.55 13 0
3114.5 255.06 14 0
4940.0 340.19 13 0
3613.75 210.73 13 0
3170.75 238.86 13 0
3172.75 239.91 13 0
3117.75 255.50 13 0
4935.5 339.56 13 0
4991.75 339.83 13 0
3115.0 255.27 14 0
3650.5 281.22 13 0
3115.5 255.27 14 0
3684.0 281.22 13 0
3455.5 217.20 13 0
3647.25 209.58 13 0
3171.75 238.80 13 0
3117.75 255.45 13 0
5058.25 340.56 13 0
3606.75 215.50 13 0
3029.0 233.28 13 0
3115.0 255.14 14 0
3686.5 207.97 13 0
3111.5 254.88 13 0
4995.25 340.00 15 0
3145.75 238.91 13 0
3145.25 238.84 13 0
3172.25 240.94 13 0
3650.5 281.48 13 0
3169.75 238.89 13 0
3684.5 281.53 13 0
3527.5 213.78 13 0
3168.75 238.88 13 0
3172.75 240.94 13 0
5065.5 339.64 13 0
3061.75 255.33 15 0
