3172.25 239.05 14 0
4995.25 339.25 14 0
3645.25 211.70 13 0
3039.75 255.25 15 0
3609.75 274.88 13 0
4996.5 339.86 14 0
3114.5 255.22 14 0
4993.0 339.33 14 0
3572.75 216.52 13 0
3115.0 255.11 14 0
4988.25 339.16 13 0
3575.75 216.39 13 0
3115.0 254.95 13 0
3464.25 268.48 13 0
4993.0 339.09 13 0
5066.5 340.14 13 0
3575.25 216.42 13 0
2938.75 250.92 13 0
3113.5 255.05 13 0
4995.25 339.16 13 0
5066.5 340.19 13 0
3568.25 218.41 13 0
3114.0 254.91 13 0
5002.5 339.03 13 0
4936.5 340.08 13 0
3114.5 255.00 13 0
4995.25 339.17 13 0
5069.0 340.19 13 0
3602.25 218.39 13 0
3111.5 254.94 13 0
3431.0 268.42 13 0
5067.75 340.06 14 0
3390.5 223.42 14 0
4936.5 339.92 15 0
3608.0 216.63 13 0
3562.0 221.84 13 0
3112.5 255.16 13 0
4995.25 339.16 13 0
3168.75 238.77 13 0
3115.75 255.41 14 0
3647.75 283.39 13 0
4997.75 339.31 15 0
3530.75 217.92 13 0
3168.75 238.75 13 0
3140.0 255.34 14 0
5053.5 339.20 13 0
3528.25 217.94 13 0
3172.25 238.83 13 0
3114.0 255.47 14 0
3651.0 281.39 13 0
4999.0 339.38 14 0
3566.5 273.34 13 0
3572.75 216.55 13 0
3116.25 255.16 13 0
5054.5 339.14 14 0
3496.25 220.19 13 0
3171.75 238.94 13 0
3118.75 255.56 13 0
5004.75 339.53 15 0
3493.75 220.25 13 0
3172.25 239.03 14 0
5001.25 339.55 15 0
5002.5 339.52 14 0
3684.5 210.94 13 0
3147.75 239.03 13 0
3562.75 267.03 13 0
3531.25 267.11 13 0
3431.5 268.38 13 0
4991.75 339.91 14 0
3113.0 255.19 13 0
3681.25 282.13 13 0
4993.0 339.14 14 0
3146.75 238.89 14 0
3115.5 255.53 13 0
4993.0 339.45 15 0
3455.5 225.64 13 0
3141.0 235.06 13 0
4989.5 339.89 15 0
3528.25 217.94 13 0
3171.75 238.80 13 0
3115.5 255.44 14 0
3650.5 281.34 13 0
4995.25 339.47 15 0
3114.0 255.00 13 0
3610.5 269.45 13 0
5054.5 340.06 15 0
3565.25 267.09 13 0
3566.5 273.34 13 0
3652.5 211.63 13 0
3530.75 217.88 13 0
3170.75 238.81 13 0
3114.5 255.48 14 0
4995.25 339.61 13 0
3610.5 216.59 13 0
3016.75 255.23 15 0
3110.25 254.89 13 0
3495.0 268.36 13 0
4947.0 340.08 15 0
3116.25 255.55 13 0
3528.25 266.98 13 0
3572.0 211.48 13 0
3041.25 255.30 15 0
4994.25 339.33 15 0
3461.25 225.63 14 0
4934.25 339.84 13 0
3729.5 209.48 13 0
3610.5 211.56 13 0
3116.25 255.33 15 0
3610.5 267.70 13 0
4995.25 339.31 14 0
3562.0 267.03 13 0
3611.25 272.20 13 0
2914.0 250.91 13 0
3114.0 255.05 14 0
5061.75 340.06 14 0
3147.75 238.98 14 0
3734.25 209.47 13 0
3137.5 255.38 15 0
3610.5 281.30 13 0
4989.5 339.36 15 0
3456.5 225.70 13 0
3111.5 254.84 13 0
4996.5 340.00 17 0
3570.25 213.69 13 0
3144.25 240.81 13 0
3136.5 255.38 15 0
3651.0 281.25 13 0
4937.75 339.30 14 0
3144.75 238.83 14 0
3171.75 240.89 13 0
3113.5 255.42 14 0
3644.5 281.34 13 0
4996.5 339.41 14 0
3174.25 240.81 13 0
3115.5 255.38 14 0
4991.75 339.44 14 0
3037.0 255.27 14 0
4999.0 339.28 14 0
3606.75 216.44 13 0
2937.25 250.86 13 0
3115.5 255.00 13 0
5000.0 340.16 13 0
3602.25 218.39 13 0
3114.0 254.95 14 0
3430.5 268.42 13 0
4993.0 339.02 13 0
5060.5 340.08 14 0
4996.5 339.95 15 0
3499.25 220.14 13 0
3560.75 267.06 14 0
3644.0 216.66 14 0
3013.25 255.23 15 0
4993.0 339.33 15 0
