3492.0 268.28 13 0
3143.75 255.67 13 0
3686.0 281.45 13 0
4996.5 339.27 14 0
4930.75 339.91 14 0
3562.0 213.67 13 0
3115.5 255.34 15 0
3650.5 281.25 13 0
3649.75 283.34 13 0
5063.0 339.33 14 0
3170.75 239.09 14 0
3172.25 241.16 13 0
3572.0 216.42 13 0
3113.0 254.97 13 0
3609.25 269.44 13 0
4937.75 339.97 14 0
3144.25 238.80 14 0
3116.25 255.42 13 0
3651.75 281.34 13 0
4995.25 339.45 14 0
3491.5 268.27 13 0
4990.5 339.84 13 0
3144.75 240.84 13 0
3115.0 255.39 13 0
4937.75 339.50 14 0
3571.5 216.41 13 0
2937.5 250.88 13 0
3115.0 255.00 13 0
4999.0 340.03 14 0
3146.25 238.83 14 0
3115.5 255.45 13 0
4999.0 339.56 13 0
3575.25 216.45 13 0
2938.75 250.92 13 0
3610.5 274.72 13 0
5057.0 339.11 13 0
3608.5 215.17 13 0
3460.75 268.25 13 0
4989.5 339.94 14 0
3172.75 239.05 13 0
3173.25 238.92 13 0
3116.75 255.59 13 0
3651.75 281.52 13 0
3117.25 255.34 14 0
3649.75 283.38 13 0
3574.5 269.39 13 0
5057.0 339.97 15 0
3495.0 221.17 13 0
3171.75 238.94 13 0
3118.25 255.59 13 0
3686.5 281.50 13 0
4991.75 339.59 14 0
3572.75 216.41 13 0
2914.25 250.86 13 0
3114.0 254.98 13 0
4939.0 340.03 14 0
3170.75 238.91 13 0
3117.75 255.56 13 0
5001.25 339.61 13 0
3486.75 223.44 14 0
3172.25 239.13 13 0
3609.75 215.23 13 0
3423.0 223.45 14 0
3564.0 267.03 13 0
3684.0 281.61 13 0
3572.0 215.22 13 0
3113.0 254.97 13 0
3608.0 269.41 13 0
4987.0 339.94 15 0
3138.5 255.28 14 0
3574.5 267.75 13 0
5002.5 339.33 15 0
3572.75 216.52 13 0
3116.25 255.00 13 0
4990.5 340.00 14 0
3570.75 211.50 13 0
3014.0 255.25 15 0
4933.0 339.17 13 0
3169.75 238.77 13 0
3171.75 240.84 13 0
3115.5 255.39 13 0
3654.25 281.33 13 0
5057.0 339.38 14 0
3530.0 217.06 13 0
3494.5 220.17 13 0
3144.25 238.97 14 0
3118.25 255.59 13 0
3562.75 266.95 13 0
3572.0 216.50 13 0
3113.5 254.98 13 0
3612.5 269.52 13 0
3495.5 221.14 13 0
3172.75 238.88 13 0
3116.75 255.53 13 0
3014.5 255.25 14 0
4939.0 339.28 14 0
3574.0 216.44 13 0
2914.75 250.91 13 0
3114.0 255.05 14 0
5000.0 339.09 13 0
3111.0 254.92 13 0
3611.75 269.42 13 0
5054.5 340.08 14 0
