5055.75 340.52 13 0
3684.5 207.98 13 0
4936.5 339.88 14 0
3111.0 254.83 13 0
5055.75 340.52 13 0
3684.5 207.98 13 0
3170.75 239.95 13 0
3146.25 241.00 13 0
3429.25 217.20 13 0
3173.25 239.13 14 0
3570.25 273.47 13 0
5001.25 339.98 15 0
3613.75 210.80 13 0
3145.75 238.97 14 0
3171.25 240.02 13 0
3116.75 255.38 13 0
3687.25 281.36 13 0
3650.5 283.42 13 0
5054.5 340.61 13 0
3115.5 255.27 15 0
3649.25 281.20 13 0
3141.0 255.31 14 0
4993.0 340.52 13 0
3142.75 238.98 14 0
3112.0 254.89 14 0
5069.0 340.17 13 0
3570.25 216.61 13 0
3115.5 255.31 14 0
4934.25 339.45 13 0
3739.25 205.22 13 0
3115.5 255.33 14 0
3611.75 283.39 13 0
4999.0 339.45 13 0
3570.25 216.61 13 0
3038.5 255.25 15 0
3462.5 268.36 14 0
4991.75 340.02 16 0
3645.25 210.72 13 0
3145.25 238.92 13 0
3143.25 255.59 13 0
3531.25 266.95 13 0
3653.75 281.52 13 0
3114.0 254.97 13 0
3609.75 274.64 13 0
4942.5 340.06 15 0
3647.25 210.73 13 0
3171.75 238.89 13 0
3115.75 255.55 13 0
5063.0 339.58 13 0
3569.5 216.59 13 0
3027.0 233.33 13 0
3114.0 255.16 13 0
5069.0 340.19 13 0
3496.75 212.97 13 0
3146.25 239.03 14 0
