0.0 195.61 63 0
0.0 196.66 63 0
1142.25 206.92 34 0
1158.75 207.97 28 0
0.0 215.81 63 0
1203.0 210.02 19 0
334.75 76.02 61 1
1142.25 206.92 34 0
1158.75 207.97 28 0
0.0 215.81 63 0
1203.0 210.02 19 0
334.75 76.02 61 1
2691.25 100.28 29 1
2437.75 272.28 41 1
2707.75 162.28 54 1
132.75 195.19 13 0
0.0 195.64 63 0
130.75 198.53 63 0
0.0 197.78 63 0
0.0 198.83 63 0
1192.75 198.39 23 0
1202.5 199.50 21 0
449.75 202.39 13 0
1171.25 201.56 25 0
1149.25 202.66 19 0
1177.75 203.73 21 0
0.0 211.56 63 0
0.0 212.63 63 0
1128.5 206.94 34 0
0.0 214.73 63 0
0.0 215.78 63 0
1199.75 210.02 18 0
130.75 194.61 13 0
0.0 195.41 63 0
0.0 196.47 63 0
0.0 197.53 63 0
0.0 198.59 63 0
0.0 199.66 63 0
0.0 202.83 63 0
1186.75 199.22 14 0
1171.25 200.25 19 0
1193.5 201.36 25 0
1125.5 202.42 30 0
1127.0 203.56 36 0
0.0 211.31 63 0
1149.75 205.64 17 0
0.0 213.42 63 0
0.0 214.47 63 0
0.0 215.53 63 0
1153.25 209.77 13 0
9.5 8.53 29 0
124.5 198.63 63 0
132.5 198.91 63 0
0.0 197.98 63 0
151.0 199.44 63 0
0.0 201.17 63 0
1217.25 198.56 18 0
470.0 202.70 13 0
1145.25 202.94 31 0
1140.0 203.98 16 0
1129.5 205.03 24 0
0.0 212.80 63 0
1172.5 207.03 30 0
0.0 214.91 63 0
0.0 239.98 63 0
1209.25 210.22 20 0
231.5 238.02 18 1
131.25 195.92 13 0
0.0 195.44 63 0
0.0 196.50 63 0
0.0 197.56 63 0
147.0 198.91 63 0
224.5 199.45 13 0
283.25 199.09 13 0
324.0 199.11 13 0
1216.25 198.16 13 0
1183.75 199.25 16 0
1167.25 200.38 20 0
1193.75 201.39 25 0
1132.25 202.50 30 0
1134.75 203.58 35 0
0.0 211.34 63 0
0.0 212.41 63 0
1081.75 206.81 20 0
0.0 214.52 63 0
0.0 215.58 63 0
329.5 7.91 29 1
120.75 195.14 13 0
127.75 194.17 13 0
136.0 195.23 13 0
0.0 196.03 63 0
133.25 197.36 63 0
0.0 198.16 63 0
0.0 200.27 63 0
1171.75 199.83 20 0
1079.25 201.05 13 0
627.25 203.09 13 0
1140.75 203.06 23 0
1111.25 204.16 16 0
1137.5 205.16 21 0
0.0 212.95 63 0
0.0 214.02 63 0
0.0 215.06 63 0
0.0 216.14 63 0
1211.75 210.41 19 0
2505.5 7.41 29 1
0.0 195.45 63 0
0.0 196.53 63 0
0.0 197.58 63 0
0.0 198.64 63 0
0.0 199.70 63 0
1215.75 198.14 13 0
1183.75 199.30 15 0
1167.5 200.33 20 0
1193.25 201.42 26 0
1130.75 202.52 30 0
1133.5 203.52 36 0
0.0 211.34 63 0
1140.25 205.67 15 0
1068.25 206.78 14 0
0.0 214.50 63 0
0.0 215.56 63 0
0.0 228.19 17 1
418.25 240.03 42 0
126.5 194.03 13 0
0.0 195.88 63 0
0.0 196.95 63 0
0.0 198.00 63 0
0.0 199.06 63 0
262.5 198.92 13 0
1217.0 198.55 19 0
470.75 202.59 13 0
1145.25 201.88 13 0
1141.0 202.88 31 0
1140.5 203.91 16 0
1131.0 205.05 30 0
1128.0 206.09 29 0
0.0 213.86 63 0
0.0 214.91 63 0
0.0 215.97 63 0
1209.25 210.17 20 0
0.0 4.02 61 1
122.75 195.20 13 0
0.0 195.31 63 0
0.0 196.38 63 0
0.0 197.44 63 0
0.0 198.50 63 0
0.0 199.56 63 0
278.25 199.05 13 0
1172.5 200.16 21 0
1167.75 201.22 31 0
1102.0 202.42 16 0
1122.5 203.41 30 0
1136.75 204.42 35 0
1141.5 205.48 16 0
0.0 213.31 63 0
1152.0 207.58 26 0
0.0 215.42 63 0
0.0 219.64 63 0
0.75 362.94 57 1
127.25 194.97 13 0
0.0 195.95 63 0
133.25 198.11 63 0
0.0 198.08 63 0
151.75 199.41 63 0
0.0 200.19 63 0
265.5 199.41 13 0
1234.5 198.61 17 0
1176.0 199.73 14 0
1145.75 201.86 15 0
1142.5 202.94 29 0
1140.0 204.02 17 0
1136.0 205.05 29 0
1143.0 206.14 29 0
0.0 213.94 63 0
0.0 214.98 63 0
0.0 216.08 63 0
1210.25 210.27 19 0
0.0 195.38 63 0
128.5 196.70 63 0
0.0 197.50 63 0
0.0 199.61 63 0
320.25 199.19 13 0
1171.5 200.23 24 0
1175.75 201.30 27 0
1115.75 202.41 20 0
1122.25 203.50 30 0
0.0 211.25 63 0
1140.5 205.59 13 0
0.0 213.34 63 0
1151.5 207.64 28 0
0.0 215.47 63 0
1153.25 209.70 13 0
126.5 194.03 13 0
134.75 195.09 13 0
124.75 197.70 63 0
132.5 197.22 63 0
141.5 198.28 63 0
151.75 199.34 63 0
301.5 198.83 13 0
345.0 199.69 13 0
1246.5 198.59 17 0
1156.25 199.75 13 0
1139.75 200.78 14 0
1142.0 201.81 15 0
1144.25 202.89 31 0
1140.0 203.97 16 0
1132.25 204.97 30 0
1132.5 206.09 29 0
0.0 213.88 63 0
0.0 214.92 63 0
0.0 216.02 63 0
0.0 210.30 20 0
253.25 224.02 23 1
4233.5 10.13 30 1
0.0 195.55 63 0
0.0 197.66 63 0
0.0 198.72 63 0
253.5 199.52 13 0
383.5 199.63 13 0
1183.75 198.33 17 0
1189.5 199.39 20 0
1167.5 200.45 22 0
1146.75 202.58 28 0
1146.75 203.61 35 0
1159.5 204.63 26 0
1123.25 205.75 20 0
1098.75 206.83 23 0
0.0 214.61 63 0
0.0 215.67 63 0
1187.25 209.91 13 0
126.5 196.41 63 0
134.5 197.47 63 0
0.0 198.27 63 0
154.0 199.59 63 0
241.0 200.16 13 0
271.75 198.84 13 0
357.0 199.48 13 0
1174.5 199.97 17 0
1104.5 201.08 22 0
1128.0 203.19 27 0
1116.0 204.20 26 0
1146.25 205.30 17 0
0.0 213.08 63 0
0.0 214.14 63 0
0.0 215.19 63 0
0.0 216.25 63 0
1234.0 210.52 17 0
129.75 466.92 24 1
124.25 193.69 13 0
122.25 195.81 63 0
172.5 196.39 13 0
138.25 197.94 63 0
0.0 198.73 63 0
0.0 199.80 63 0
253.5 199.22 13 0
328.25 199.59 13 0
383.25 200.02 13 0
1190.0 199.34 20 0
1170.25 200.41 24 0
1230.5 201.42 14 0
1146.0 202.56 28 0
1145.25 203.67 35 0
1156.0 204.61 26 0
0.0 212.48 63 0
1097.5 206.81 23 0
1153.0 207.80 26 0
0.0 215.64 63 0
0.0 244.13 29 0
2432.75 20.33 31 1
127.75 194.19 13 0
0.0 196.05 63 0
134.0 197.38 63 0
0.0 198.17 63 0
153.0 199.50 63 0
165.0 200.56 63 0
1174.25 199.80 16 0
1094.5 201.00 17 0
633.25 202.94 13 0
1136.75 203.05 21 0
1111.5 204.19 20 0
1149.5 205.17 18 0
1165.75 206.19 26 0
0.0 214.02 63 0
0.0 215.06 63 0
0.0 216.19 63 0
1219.5 210.39 17 0
129.5 64.98 41 1
125.5 193.89 13 0
0.0 195.73 63 0
0.0 196.80 63 0