1203.25 210.06 20 0
2433.5 498.86 24 1
128.0 1.91 28 1
2432.0 0.89 53 1
0.0 215.88 63 0
1203.25 210.06 20 0
2433.5 498.86 24 1
128.0 1.91 28 1
2432.0 0.89 53 1
130.75 194.61 13 0
139.75 195.67 13 0
0.0 196.47 63 0
160.5 197.80 13 0
0.0 198.61 63 0
0.0 199.66 63 0
321.5 199.23 13 0
1666.0 196.77 13 0
1184.0 199.28 16 0
1165.25 200.34 17 0
1194.0 201.33 26 0
1131.5 202.52 31 0
1134.5 203.56 37 0
0.0 211.34 63 0
0.0 212.41 63 0
1075.75 206.77 15 0
0.0 214.52 63 0
0.0 215.58 63 0
1187.75 209.86 13 0
73.5 174.52 32 0
2432.0 1.05 25 1
125.75 195.91 13 0
131.75 197.09 63 0
140.25 198.16 63 0
0.0 198.95 63 0
0.0 200.02 63 0
260.75 198.33 13 0
339.75 199.45 13 0
1649.25 197.13 14 0
1204.0 198.52 23 0
581.0 202.86 13 0
1132.75 202.84 28 0
1167.75 203.83 16 0
1128.75 204.89 20 0
0.0 212.73 63 0
0.0 213.78 63 0
0.0 214.84 63 0
0.0 215.91 63 0
1207.75 210.13 22 0
0.0 231.83 61 1
2432.75 363.02 43 1
125.75 196.03 13 0
140.25 198.14 63 0
0.0 198.94 63 0
0.0 200.00 63 0
1657.5 197.13 13 0
1203.0 198.48 21 0
1209.5 199.52 15 0
456.0 202.66 13 0
579.0 202.98 13 0
1167.75 202.72 22 0
0.0 211.66 63 0
1081.75 206.09 19 0
1143.25 207.03 33 0
0.0 214.83 63 0
0.0 215.89 63 0
1203.75 210.09 21 0
2445.75 76.02 61 1
123.0 193.53 13 0
130.75 194.59 13 0
128.75 198.84 63 0
0.0 197.52 63 0
0.0 198.56 63 0
0.0 199.63 63 0
206.5 200.45 13 0
280.5 198.98 13 0
0.0 202.81 63 0
1650.0 197.78 14 0
1187.25 199.17 13 0
1171.5 200.28 21 0
1176.75 201.33 26 0
1125.0 202.42 29 0
1129.5 203.44 35 0
0.0 211.28 63 0
0.0 212.34 63 0
0.0 214.44 63 0
1187.0 215.50 63 0
2432.0 0.89 42 0
2432.75 490.95 47 1
2433.0 7.91 31 1
2688.5 53.09 16 1
2123.5 5.17 35 0
134.75 194.83 13 0
124.5 196.27 63 0
0.0 196.94 63 0
0.0 198.00 63 0
0.0 199.06 63 0
262.5 198.95 13 0
1648.75 197.23 15 0
1234.25 198.56 19 0
469.5 202.70 13 0
1146.0 202.92 29 0
1152.75 203.94 16 0
1132.25 205.08 28 0
0.0 212.84 63 0
0.0 213.89 63 0
0.0 214.95 63 0
0.0 216.00 63 0
1208.75 210.28 20 0
253.25 76.02 45 1
1119.75 6.33 31 0
2432.75 363.00 39 1
131.25 196.28 13 0
0.0 195.44 63 0
129.0 196.77 63 0
0.0 197.56 63 0
0.0 198.63 63 0
0.0 199.69 63 0
1186.75 199.27 16 0
1168.0 200.30 18 0
1194.5 201.38 25 0
1129.5 202.45 31 0
1136.25 203.50 37 0
0.0 211.33 63 0
0.0 212.39 63 0
0.0 213.44 63 0
0.0 214.50 63 0
0.0 215.55 63 0
1191.0 209.84 13 0
126.25 193.98 13 0
124.75 198.25 63 0
131.75 197.16 63 0
151.0 199.41 63 0
233.25 199.06 13 0
0.0 201.14 63 0
1649.5 197.17 14 0
1213.5 198.53 21 0
382.75 201.97 13 0
463.0 202.47 13 0
585.75 202.95 13 0
1142.0 202.86 29 0
1166.75 203.92 16 0
1124.25 204.97 21 0
0.0 212.77 63 0
0.0 213.83 63 0
0.0 214.88 63 0
0.0 215.94 63 0
1205.0 210.14 21 0
0.0 227.53 61 1
9.5 10.30 29 0
128.75 195.55 13 0
119.5 196.14 63 0
126.5 196.42 63 0
134.5 197.48 63 0
169.5 198.03 13 0
0.0 199.33 63 0
241.0 200.16 13 0
271.75 198.73 13 0
357.0 199.38 13 0
1641.5 197.47 16 0
195.0 205.44 13 0
1174.25 199.98 18 0
1102.75 201.13 18 0
649.5 203.09 13 0
1127.0 203.14 26 0
1115.75 204.25 25 0
0.0 212.02 63 0
0.0 213.06 63 0
0.0 214.13 63 0
345.75 240.03 25 1
2432.0 0.98 45 1
133.25 194.91 13 0
0.0 195.70 63 0
0.0 196.77 63 0
139.5 198.09 63 0
149.5 199.16 63 0
0.0 199.95 63 0
1196.0 198.47 23 0
1203.75 199.50 20 0
1175.75 201.66 18 0
1158.25 202.77 18 0
1190.75 203.75 19 0
0.0 211.61 62 0
0.0 212.66 63 0
1135.75 206.98 33 0
0.0 214.77 63 0
0.0 215.83 63 0
1199.0 210.00 19 0
122.5 195.33 13 0
130.0 194.50 13 0
0.0 195.30 63 0
127.75 196.63 63 0
136.0 197.69 63 0
145.5 198.75 63 0
0.0 199.55 63 0
1635.25 197.73 17 0
354.75 201.88 13 0
1174.5 200.14 15 0
1167.75 201.28 30 0
1093.75 202.36 16 0
1112.5 203.38 29 0
0.0 211.19 63 0
0.0 212.25 63 0
0.0 213.30 63 0
1151.5 207.56 26 0
0.0 215.41 63 0
1240.25 210.72 13 0
27.5 219.67 63 0
0.0 231.31 34 1
128.75 490.02 61 1
2688.0 1.03 41 1
126.5 196.09 13 0
124.5 196.11 63 0
132.25 197.17 63 0
0.0 197.97 63 0
151.0 199.42 63 0
0.0 200.09 63 0
0.0 201.14 63 0
1648.25 197.17 13 0
1213.75 198.58 21 0
382.75 202.00 13 0
463.0 202.47 13 0
1140.0 202.88 28 0
1140.5 203.94 17 0
1124.25 205.02 22 0
0.0 212.78 63 0
0.0 213.83 63 0
0.0 214.89 63 0
0.0 215.94 63 0
1205.25 210.17 21 0
2075.75 76.02 61 1
2432.0 1.05 30 1
121.25 193.27 13 0
128.75 194.33 13 0
0.0 195.13 63 0
126.5 196.45 63 0
0.0 197.23 63 0
0.0 198.31 63 0
0.0 199.36 63 0
241.5 199.45 13 0
310.5 199.50 13 0
1633.75 197.53 16 0
1173.75 200.02 18 0
1117.0 201.14 22 0
1132.25 203.16 30 0
1117.75 204.23 28 0
1150.5 205.30 19 0
0.0 213.11 63 0
1234.75 210.53 17 0
265.75 236.94 13 1
126.5 194.05 13 0
134.75 195.11 13 0
124.5 196.17 63 0
132.5 198.11 63 0
141.75 198.86 63 0
151.75 199.36 63 0
262.75 199.11 13 0
1642.25 197.27 16 0
1235.75 198.61 19 0
471.0 202.55 13 0
1145.5 202.98 30 0
1140.75 203.97 16 0
1135.25 205.13 27 0
1124.0 206.11 24 0
1174.5 207.19 23 0
0.0 214.98 63 0
0.0 216.00 63 0
1209.75 210.22 21 0
2249.5 6.56 29 0
0.0 195.25 63 0
127.75 197.08 63 0
135.75 197.64 63 0
0.0 198.44 63 0
0.0 199.50 63 0
0.0 200.56 63 0
1634.75 197.69 16 0
1171.75 200.11 23 0
1160.0 201.23 31 0
1113.75 203.39 28 0
1132.5 204.38 34 0
1142.25 205.41 14 0
0.0 213.25 63 0
1151.75 207.59 25 0
0.0 215.36 63 0
1240.0 210.66 14 0
265.75 224.02 61 1
128.75 490.91 53 1
0.0 76.03 31 0
5193.5 171.72 32 0
126.0 193.94 13 0
134.0 195.02 13 0
0.0 195.80 63 0
131.75 197.14 63 0
140.25 198.19 63 0
0.0 200.06 63 0
261.0 198.44 13 0
296.75 198.73 13 0
340.0 199.22 13 0
1648.25 197.14 14 0
1210.25 198.55 22 0
1218.25 199.64 13 0
1128.75 202.84 28 0
1167.25 203.83 16 0
0.0 211.70 63 0
0.0 212.77 63 0
0.0 213.81 63 0
0.0 214.88 63 0
202.5 215.94 63 0
846.75 238.22 29 0
2433.25 14.98 25 1
0.0 195.22 63 0
127.25 196.55 63 0
135.75 197.61 63 0
0.0 198.41 63 0
0.0 199.45 63 0
244.25 200.28 13 0
314.75 199.16 13 0
1633.75 197.63 17 0
544.0 200.56 13 0
1172.0 200.06 23 0
1146.75 201.20 30 0
1100.5 203.30 24 0
0.0 211.09 63 0
1151.5 205.34 15 0
0.0 213.19 63 0
0.0 214.25 63 0
0.0 215.31 63 0
1239.75 210.63 15 0
215.25 237.38 61 1
132.75 195.27 13 0
0.0 195.64 63 0
130.75 198.53 63 0
139.0 198.86 63 0
0.0 198.83 63 0
228.75 197.81 13 0
1187.75 198.42 20 0
1198.75 199.45 22 0
1176.5 200.52 17 0
1168.75 201.59 27 0
1103.25 202.69 14 0
1168.75 203.73 30 0
1158.25 204.80 18 0
0.0 212.59 63 0
0.0 213.64 63 0
1152.75 207.95 26 0
0.0 215.75 63 0
1198.25 209.98 17 0
188.25 4.02 61 1
29.5 7.00 29 0
128.0 0.95 18 1
0.0 195.97 63 0
133.25 197.30 63 0
0.0 198.09 63 0
213.75 197.92 13 0
236.75 198.67 13 0
266.0 198.36 13 0
1641.25 197.33 16 0
1294.0 198.58 13 0
1179.5 199.81 14 0
1142.5 201.97 16 0
1115.25 203.03 25 0
1140.25 204.00 16 0
1138.0 205.09 28 0
1148.25 206.14 24 0
0.0 213.94 63 0
0.0 215.00 63 0
0.0 216.08 63 0
1210.25 210.27 20 0
122.75 195.38 13 0
0.0 195.30 63 0
127.75 196.63 63 0
136.25 198.80 63 0
0.0 198.48 63 0
0.0 199.55 63 0
1635.25 197.69 15 0
1171.5 200.23 24 0
1160.5 201.22 32 0
1124.5 203.36 32 0
1132.5 204.45 35 0
0.0 213.30 63 0
1152.25 207.59 25 0
0.0 215.41 63 0
1240.25 210.61 14 0
129.75 492.92 29 0
125.25 196.05 13 0
132.75 194.84 13 0
123.0 195.91 63 0
0.0 196.70 63 0
0.0 197.77 63 0
0.0 198.83 63 0
228.75 198.09 13 0
1188.5 198.36 20 0
1199.0 199.45 22 0
1176.0 200.56 16 0
1169.25 201.56 27 0
1133.25 202.72 21 0
1173.75 203.67 25 0
1158.0 204.78 18 0
0.0 212.58 63 0
1127.75 206.88 33 0
0.0 214.67 63 0
0.0 215.73 63 0
1198.25 209.95 17 0
276.75 76.02 61 1
0.0 196.00 63 0
133.25 197.33 63 0
0.0 198.13 63 0
237.25 200.25 13 0
266.0 198.61 13 0
1640.25 197.34 15 0
1180.0 199.83 14 0
1142.75 201.94 16 0
1115.0 203.00 24 0
1140.0 204.03 16 0
1140.5 205.17 27 0
1153.75 206.17 25 0
0.0 213.98 63 0
