2954.25 3 15 0
2884.75 306.38 13 0
2953.75 304.91 19 0
2973.25 305.75 14 0
2966.5 304.28 14 0
2971.5 305.33 15 0
2884.75 306.38 13 0
2953.75 304.91 19 0
2973.25 305.75 14 0
2966.5 304.28 14 0
2971.5 305.33 15 0
2884.75 306.38 13 0
2953.75 304.91 19 0
2964.75 304.84 18 0
2949.0 304.88 19 0
2976.5 305.91 13 0
2952.0 304.81 19 0
2976.75 305.86 13 0
2969.5 304.88 20 0
2976.5 305.11 17 0
2974.75 306.16 16 0
2976.75 305.17 17 0
2976.5 306.20 16 0
2973.75 305.11 17 0
2972.5 306.16 15 0
2954.25 304.92 19 0
2969.0 304.48 19 0
2949.0 305.55 13 0
2984.75 306.59 14 0
2973.75 305.06 18 0
2952.0 306.13 14 0
2946.5 304.77 18 0
2974.75 305.80 13 0
2946.5 304.88 19 0
2965.5 304.39 17 0
2976.5 305.47 14 0
2955.25 306.53 13 0
2971.5 305.11 17 0
2952.5 306.16 15 0
2949.0 304.78 19 0
3000.25 305.81 13 0
2975.0 305.19 17 0
2888.5 306.23 14 0
2950.5 304.45 18 0
2956.5 306.56 13 0
2950.5 304.84 19 0
2955.5 305.02 19 0
2975.0 306.06 14 0
2963.75 304.42 17 0
2974.75 305.44 15 0
2948.75 304.78 19 0
2967.75 305.28 14 0
2884.0 306.36 13 0
2950.75 304.91 19 0
2963.0 304.38 16 0
2974.75 305.39 15 0
2945.25 304.78 18 0
2964.75 305.23 14 0
2884.0 306.31 14 0
2968.25 304.63 15 0
2954.75 305.69 13 0
2949.0 304.84 19 0
2955.25 304.94 20 0
2952.5 304.94 19 0
2971.25 304.86 20 0
2970.75 304.42 20 0
2976.75 305.52 13 0
2983.5 306.55 13 0
2955.25 304.97 19 0
2954.75 306.05 14 0
2964.25 304.63 17 0
2954.25 305.67 16 0
2966.5 304.34 16 0
2972.5 305.36 15 0
2909.75 306.42 13 0
2970.25 304.22 13 0
2970.25 305.30 15 0
2886.5 306.34 13 0
2956.0 305.05 18 0
2953.5 306.08 15 0
2972.5 305.03 17 0
2952.0 306.11 15 0
2951.25 304.80 20 0
3000.75 305.83 13 0
2961.5 304.50 17 0
2946.0 305.55 13 0
2978.25 306.56 13 0
2976.75 305.11 17 0
2975.0 306.16 16 0
2968.5 304.61 17 0
2954.75 305.64 15 0
3114.0 306.67 13 0
2967.75 304.47 17 0
2977.25 305.50 14 0
2979.0 306.55 13 0
2976.0 305.17 16 0
2914.0 306.22 15 0
2975.0 305.19 16 0
2975.5 306.23 15 0
2975.0 305.11 17 0
2955.5 306.17 15 0
2952.5 305.08 18 0
2952.5 306.14 15 0
2953.75 305.13 17 0
2975.0 306.17 15 0
2963.0 304.27 14 0
2974.25 305.31 15 0
2885.25 306.38 13 0
2962.5 304.34 16 0
2952.0 305.41 15 0
2964.75 304.52 17 0
2952.0 305.59 15 0
2966.0 304.59 16 0
2951.25 305.67 14 0
2945.75 304.64 15 0
2955.25 305.69 15 0
2967.75 304.86 20 0
2973.25 305.19 15 0
2976.5 306.22 16 0
2968.25 304.22 13 0
2974.25 305.28 15 0
2887.25 306.34 14 0
2966.0 304.25 14 0
2973.0 305.30 15 0
2884.5 306.36 13 0
2963.75 304.34 14 0
2951.75 305.36 14 0
2969.0 304.33 17 0
2973.0 305.41 15 0
0.0 311.06 63 0
0.0 312.09 63 0
2953.5 305.63 15 0
2950.5 304.91 19 0
2964.25 304.36 16 0
2971.5 305.39 15 0
2949.0 304.86 19 0
0.0 312.67 63 0
2979.5 306.22 16 0
