2955.5 306.53 13 0
2952.0 304.91 20 0
3115.0 306.81 13 0
2969.0 304.42 19 0
2973.0 305.47 14 0
2955.5 306.53 13 0
2952.0 304.91 20 0
3115.0 306.81 13 0
2969.0 304.42 19 0
2973.0 305.47 14 0
2955.5 306.53 13 0
2952.0 304.91 20 0
2952.5 304.91 18 0
2973.0 304.55 17 0
2972.0 305.63 14 0
2970.25 305.06 18 0
2972.5 306.11 13 0
2973.0 305.22 16 0
2883.5 306.30 14 0
2964.25 304.34 17 0
2973.75 305.42 15 0
2906.75 306.48 13 0
2948.25 304.69 16 0
2975.0 305.73 13 0
2954.75 304.86 19 0
3000.75 305.89 14 0
2963.75 304.34 14 0
2972.0 305.34 14 0
2885.5 306.42 13 0
2962.5 304.59 15 0
2947.0 305.64 14 0
2977.25 306.70 13 0
2953.75 304.86 19 0
2949.0 304.83 18 0
2949.5 304.83 19 0
2953.5 304.91 18 0
2947.5 304.72 17 0
2976.5 305.77 13 0
2969.0 304.58 17 0
2950.75 305.64 15 0
2966.75 304.52 17 0
2947.75 305.56 14 0
2969.0 304.52 17 0
2947.5 305.55 14 0
2949.5 304.83 18 0
2973.75 305.22 16 0
2890.5 306.30 14 0
2967.25 304.55 17 0
2949.0 305.61 14 0
2948.75 304.75 18 0
2999.75 305.80 13 0
2953.0 305.05 18 0
2949.5 306.11 14 0
2966.5 304.39 17 0
2973.75 305.44 15 0
