0.0 272.00 63 0
3033.0 280.25 14 0
3002.0 279.42 15 0
3115.75 281.52 13 0
2980.25 279.92 16 0
3000.25 279.20 13 0
3001.0 279.70 16 0
3006.0 279.83 16 0
3004.25 279.94 15 0
2998.0 279.78 17 0
3001.0 279.52 13 0
3109.25 280.20 13 0
3003.25 280.03 15 0
3001.0 279.95 16 0
3000.75 279.72 16 0
2999.0 279.61 14 0
3028.0 279.45 15 0
3023.5 279.34 15 0
3116.25 281.48 13 0
3004.75 279.47 13 0
3002.0 279.55 14 0
3004.25 279.63 14 0
3002.0 279.73 17 0
2980.75 279.98 15 0
2998.0 279.23 13 0
3000.25 279.67 15 0
