2953.75 304.89 19 0
3003.25 306.66 13 0
2970.75 305.22 15 0
2889.75 306.28 14 0
2965.5 304.59 16 0
2952.0 305.66 15 0
2947.5 304.70 18 0
2997.0 305.78 13 0
2973.0 305.13 17 0
2950.0 306.17 14 0
2972.5 304.52 17 0
2969.5 305.56 13 0
2972.5 305.11 17 0
2949.5 306.19 14 0
2949.5 304.69 17 0
2999.0 305.72 13 0
2973.25 305.16 17 0
2976.75 306.20 16 0
2944.75 304.38 16 0
2973.0 305.42 14 0
2943.5 304.36 14 0
2972.5 305.36 15 0
2884.5 306.42 13 0
2966.5 304.30 16 0
2972.5 305.36 15 0
2886.75 306.44 13 0
2951.75 305.06 18 0
2951.75 306.11 14 0
2970.75 304.89 20 0
2999.75 305.94 13 0
2970.75 304.92 19 0
2956.5 305.06 18 0
2974.75 306.11 15 0
2946.5 304.36 15 0
2971.5 305.39 14 0
2884.75 306.45 13 0
2968.5 304.64 17 0
2949.0 305.70 14 0
2949.5 304.72 18 0
2978.25 305.75 15 0
2970.25 304.59 18 0
2951.25 305.64 15 0
2967.75 304.36 17 0
2973.25 305.45 14 0
2931.25 306.48 13 0
2955.25 305.00 19 0
2952.0 306.08 14 0
2973.25 304.56 18 0
2950.0 305.59 15 0
2975.0 305.17 17 0
2933.75 306.22 15 0
2973.75 305.22 16 0
2886.5 306.27 14 0
2944.0 304.73 18 0
2976.0 305.78 14 0
2967.75 304.25 14 0
2975.0 305.34 15 0
2883.5 306.41 13 0
2956.5 304.91 19 0
2967.25 304.31 17 0
2974.25 305.39 14 0
2972.5 304.53 19 0
2972.0 305.59 14 0
2947.75 304.80 19 0
2951.75 304.83 20 0
2951.25 304.88 19 0
