3005.0 279.95 16 0
3006.0 279.89 18 0
3003.75 279.58 14 0
3002.0 279.80 17 0
2980.75 279.95 16 0
3003.25 279.92 16 0
3006.0 279.89 18 0
3005.0 279.36 15 0
3005.0 279.78 17 0
3029.75 280.13 15 0
3002.5 279.33 15 0
3115.0 281.41 14 0
2979.5 279.66 14 0
2981.75 280.06 15 0
3004.25 279.34 16 0
3116.25 281.50 13 0
3001.5 279.72 16 0
3026.75 279.16 14 0
3002.0 279.64 14 0
3003.25 279.94 15 0
3023.0 279.30 15 0
3004.75 279.77 17 0
3005.5 280.08 15 0
3027.5 279.30 16 0
3003.25 279.81 18 0
3003.0 279.36 15 0
3003.0 280.02 16 0
2980.75 279.64 15 0
3003.0 279.30 16 0
3003.0 279.88 17 0
