5126.25 281.59 16 0
5202.5 282.08 14 0
5132.5 281.94 13 0
5137.5 281.89 13 0
1842.75 76.02 23 1
1798.75 76.02 45 1
5197.5 281.70 19 0
5141.0 281.86 14 0
5200.0 281.67 18 0
5205.0 282.19 13 0
0.0 293.05 63 0
5142.25 281.67 19 0
5076.25 285.28 14 0
4934.25 285.27 13 0
5136.25 281.89 13 0
5149.75 281.69 18 0
0.0 292.97 63 0
5138.75 281.63 19 0
5201.25 281.81 17 0
0.0 292.67 63 0
0.0 292.41 63 0
5100.5 285.28 13 0
5122.5 281.61 15 0
4917.0 311.42 13 0
5148.5 281.73 19 0
5205.0 281.81 16 0
5147.25 281.73 19 0
5135.0 281.98 14 0
5142.25 281.88 13 0
5201.25 281.75 19 0
5146.0 281.83 15 0
5079.75 285.28 13 0
5136.25 281.66 19 0
5201.25 282.03 13 0
