5141.0 281.86 14 0
4597.0 280.41 14 0
5201.25 282.22 13 0
5144.75 281.86 13 0
5144.75 281.66 20 0
5141.0 281.86 14 0
4597.0 280.41 14 0
5201.25 282.22 13 0
5144.75 281.86 13 0
5144.75 281.66 20 0
5141.0 281.86 14 0
4597.0 280.41 14 0
5201.25 282.22 13 0
5198.75 281.75 19 0
0.0 294.72 63 0
5207.75 281.83 14 0
5135.0 281.59 16 0
5192.5 281.69 20 0
0.0 75.53 63 0
5065.5 281.56 13 0
5139.75 281.92 13 0
4722.0 284.38 13 0
5063.0 281.56 13 0
5141.0 281.84 14 0
5193.75 281.78 19 0
0.0 294.75 63 0
5061.75 281.97 13 0
4918.0 311.44 13 0
0.0 73.78 63 0
5131.25 281.95 13 0
5191.25 281.69 18 0
5136.25 281.91 13 0
4918.0 311.41 13 0
5198.75 281.69 20 0
5207.75 282.19 13 0
