0.0 133.73 63 0
4935.5 127.09 13 0
4935.5 127.23 13 0
9913.25 399.89 38 1
4999.0 125.89 13 0
4995.25 126.98 13 0
0.0 135.73 63 0
4937.75 126.91 14 0
0.0 135.67 63 0
4994.25 125.72 13 0
4929.5 126.81 14 0
0.0 355.69 63 0
0.0 134.00 63 0
0.0 358.89 63 0
0.0 134.00 63 0
0.0 355.47 63 0
0.0 356.53 63 0
0.0 357.59 63 0
4937.75 126.91 14 0
0.0 135.66 63 0
0.0 354.91 63 0
0.0 355.33 63 0
0.0 356.38 63 0
4937.75 126.72 15 0
0.0 135.48 63 0
0.0 356.11 63 0
0.0 357.19 63 0
4991.75 127.58 14 0
0.0 355.47 63 0
0.0 356.53 63 0
0.0 134.86 63 0
0.0 356.23 63 0
4936.5 126.83 14 0
0.0 135.58 63 0
4937.75 125.92 14 0
4936.5 126.98 14 0
0.0 135.75 63 0
4929.5 126.59 14 0
0.0 135.36 63 0
4935.5 127.23 13 0
4937.75 125.89 14 0
4933.0 126.97 14 0
0.0 135.73 63 0
0.0 133.78 63 0
0.0 134.84 63 0
4989.5 126.70 13 0
0.0 135.48 63 0
0.0 354.80 63 0
0.0 357.98 63 0
0.0 355.56 63 0
0.0 356.64 63 0
0.0 355.41 63 0
133.5 358.14 63 0
0.0 355.31 63 0
0.0 356.38 63 0
0.0 134.66 63 0
0.0 135.72 63 0
0.0 356.22 63 0
0.0 357.28 63 0
0.0 358.34 63 0
0.0 135.34 63 0
0.0 354.69 63 0
128.75 358.17 63 0
0.0 133.91 63 0
0.0 355.38 63 0
0.0 356.44 63 0
4930.75 126.81 14 0
0.0 354.77 63 0
0.0 355.83 63 0
0.0 356.89 63 0
0.0 357.95 63 0
0.0 134.02 63 0
0.0 355.34 63 0
0.0 356.39 63 0
4934.25 126.66 15 0
0.0 354.50 63 0
0.0 356.63 63 0
0.0 134.83 63 0
0.0 133.95 63 0
0.0 135.02 63 0
5001.25 125.77 13 0
4940.0 126.84 16 0
0.0 135.61 63 0
4989.5 126.64 14 0
0.0 134.83 63 0
0.0 355.25 63 0
4995.25 125.87 13 0
4937.75 126.94 14 0
0.0 135.70 63 0
4996.5 126.77 14 0
0.0 354.92 63 0
0.0 134.38 63 0
0.0 357.94 63 0
0.0 354.81 63 0
0.0 358.03 63 0
122.25 355.17 63 0
0.0 355.97 63 0
0.0 357.03 63 0
0.0 354.59 63 0
0.0 356.70 63 0
4999.0 127.17 13 0
0.0 355.38 63 0
0.0 356.44 63 0
5003.75 125.83 13 0
4934.25 126.91 14 0
0.0 135.66 63 0
0.0 354.88 63 0
0.0 355.94 63 0
0.0 355.55 63 0
0.0 356.61 63 0
0.0 133.67 63 0
4936.5 127.05 13 0
