0.0 355.00 63 0
130.75 357.88 63 0
0.0 133.52 63 0
4935.5 126.87 14 0
0.0 135.64 63 0
0.0 355.06 63 0
4937.75 127.25 14 0
0.0 133.52 63 0
4935.5 126.87 14 0
0.0 135.64 63 0
0.0 355.06 63 0
4937.75 127.25 14 0
9913.25 399.89 38 1
0.0 355.75 63 0
0.0 355.66 63 0
135.75 356.98 63 0
4933.0 127.27 13 0
0.0 355.30 63 0
133.0 356.63 63 0
128.75 356.59 63 0
4999.0 127.28 13 0
0.0 355.17 63 0
0.0 356.25 63 0
4989.5 126.69 14 0
0.0 355.77 63 0
0.0 133.98 63 0
0.0 355.17 63 0
132.25 356.50 63 0
0.0 358.36 63 0
4994.25 127.31 15 0
4939.0 125.94 14 0
4929.5 127.02 13 0
0.0 135.77 63 0
0.0 133.64 63 0
4999.0 127.00 14 0
0.0 133.59 63 0
4934.25 126.97 14 0
0.0 135.73 63 0
0.0 355.31 63 0
0.0 133.97 63 0
4940.0 126.91 15 0
0.0 135.67 63 0
0.0 355.23 63 0
0.0 133.75 63 0
0.0 356.56 63 0
0.0 133.88 63 0
0.0 355.00 63 0
130.75 357.89 63 0
0.0 357.13 63 0
0.0 358.20 63 0
0.0 359.27 63 0
0.0 357.19 63 0
0.0 359.31 63 0
0.0 357.23 63 0
0.0 359.38 63 0
4934.25 126.77 14 0
0.0 354.94 63 0
0.0 356.00 63 0
0.0 357.08 63 0
0.0 134.42 63 0
0.0 354.86 63 0
0.0 134.36 63 0
0.0 354.98 63 0
0.0 356.05 63 0
0.0 357.13 63 0
0.0 359.25 63 0
0.0 133.52 63 0
4932.0 126.89 14 0
0.0 135.66 63 0
0.0 355.31 63 0
0.0 356.38 63 0
0.0 134.84 63 0
0.0 354.88 63 0
4932.0 126.75 15 0
0.0 355.27 63 0
4932.0 127.05 14 0
0.0 134.00 63 0
0.0 135.06 63 0
5001.25 125.86 13 0
4937.75 126.92 15 0
0.0 135.69 63 0
4994.25 127.25 13 0
0.0 354.86 63 0
4935.5 126.78 13 0
0.0 355.17 63 0
0.0 356.22 63 0
4995.25 127.03 14 0
0.0 354.48 63 0
0.0 355.55 63 0
0.0 356.61 63 0
0.0 357.67 63 0
0.0 358.75 63 0
0.0 133.95 63 0
0.0 354.80 63 0
0.0 134.36 63 0
0.0 355.34 63 0
133.5 358.08 63 0
4995.25 127.22 13 0
128.75 358.20 63 0
0.0 356.86 63 0
0.0 357.92 63 0
195.0 0.86 13 0
122.75 355.27 63 0
0.0 356.06 63 0
0.0 357.14 63 0
0.0 358.20 63 0
0.0 359.27 63 0
0.0 355.17 63 0
0.0 356.25 63 0
0.0 358.38 63 0
4996.5 125.89 14 0
4935.5 126.94 14 0
0.0 135.72 63 0
0.0 355.38 63 0
0.0 356.44 63 0
0.0 133.94 63 0
0.0 134.38 63 0
0.0 356.23 63 0
0.0 134.83 63 0
4929.5 126.77 13 0
0.0 135.53 63 0
4936.5 126.77 16 0
0.0 134.88 63 0
0.0 133.73 63 0
0.0 134.80 63 0
0.0 135.28 63 0
0.0 134.83 63 0
0.0 355.19 63 0
0.0 356.27 63 0
122.25 355.17 63 0
0.0 355.98 63 0
4935.5 126.95 13 0
0.0 135.73 63 0
128.5 356.06 63 0
0.0 357.92 63 0
4996.5 126.70 14 0
0.0 355.42 63 0
0.0 356.47 63 0
0.0 133.97 63 0
0.0 354.83 63 0
0.0 356.95 63 0
0.0 358.03 63 0
0.0 354.83 63 0
0.0 355.91 63 0
0.0 358.03 63 0
4993.0 126.55 13 0
122.25 355.14 63 0
0.0 355.23 63 0
0.0 133.98 63 0
0.0 135.05 63 0
122.25 355.22 63 0
4997.75 125.86 14 0
4939.0 126.94 14 0
0.0 135.70 63 0
0.0 356.67 63 0
4943.5 126.64 15 0
0.0 135.41 63 0
0.0 355.36 63 0
0.0 356.42 63 0
0.0 134.97 63 0
5000.0 125.80 13 0
4937.75 126.86 15 0
0.0 135.63 63 0
0.0 354.94 63 0
0.0 356.02 63 0
0.0 134.67 63 0
0.0 135.73 63 0
0.0 354.95 63 0
0.0 356.02 63 0
4933.0 127.00 13 0
0.0 135.77 63 0
0.0 354.83 63 0
4993.0 126.92 15 0
0.0 135.69 63 0
0.0 355.56 63 0
0.0 355.17 63 0
0.0 356.23 63 0
0.0 358.38 63 0
0.0 134.84 63 0
0.0 354.84 63 0
0.0 355.91 63 0
0.0 356.97 63 0
0.0 358.05 63 0
0.0 134.55 63 0
0.0 135.63 63 0
0.0 354.55 63 0
0.0 356.67 63 0
124.75 357.64 63 0
0.0 356.30 63 0
0.0 358.42 63 0
4934.25 127.23 13 0
122.25 355.17 63 0
5000.0 125.75 13 0
124.75 357.67 63 0
0.0 356.34 63 0
5063.0 127.17 13 0
4936.5 126.66 15 0
4939.0 126.98 14 0
0.0 135.75 63 0
4999.0 127.17 13 0
0.0 135.14 63 0
4999.0 125.70 13 0
0.0 134.02 63 0
4997.75 127.09 13 0
0.0 355.06 63 0
0.0 356.13 63 0
0.0 359.34 63 0
0.0 133.59 63 0
4935.5 126.95 14 0
0.0 355.55 63 0
0.0 356.61 63 0
