0.0 304 63 0
4995.25 127.02 14 0
0.0 135.77 63 0
9913.25 399.89 38 1
0.0 133.73 63 0
4994.25 127.09 13 0
0.0 134.84 63 0
0.0 355.31 63 0
0.0 356.38 63 0
0.0 133.70 63 0
4940.0 127.09 13 0
0.0 355.25 63 0
4940.0 125.91 15 0
4929.5 126.97 15 0
0.0 135.72 63 0
0.0 356.36 63 0
0.0 133.73 63 0
0.0 134.81 63 0
0.0 355.31 63 0
0.0 356.38 63 0
0.0 133.92 63 0
0.0 134.98 63 0
0.0 355.67 63 0
0.0 356.73 63 0
0.0 355.73 63 0
0.0 358.94 63 0
0.0 134.03 63 0
0.0 355.78 63 0
0.0 356.84 63 0
0.0 357.91 63 0
122.25 355.16 63 0
0.0 357.02 63 0
0.0 354.81 63 0
0.0 355.89 63 0
0.0 356.95 63 0
0.0 358.02 63 0
4939.0 126.59 15 0
4933.0 126.80 14 0
0.0 354.98 63 0
0.0 357.13 63 0
0.0 359.25 63 0
0.0 355.28 63 0
0.0 133.73 63 0
0.0 134.80 63 0
4936.5 126.11 15 0
4933.0 127.19 13 0
4933.0 126.12 13 0
4934.25 127.19 13 0
4940.0 126.12 15 0
4935.5 127.19 13 0
4934.25 127.23 13 0
0.0 134.02 63 0
0.0 135.33 63 0
0.0 354.94 63 0
4935.5 125.80 13 0
0.0 135.64 63 0
4933.0 126.87 14 0
0.0 135.63 63 0
4937.75 125.80 14 0
4930.75 126.86 13 0
0.0 134.36 63 0
0.0 359.31 63 0
4996.5 125.94 14 0
4936.5 127.00 13 0
0.0 135.77 63 0
0.0 355.34 63 0
133.25 356.67 63 0
0.0 354.50 63 0
0.0 355.56 63 0
0.0 356.64 63 0
0.0 357.70 63 0
0.0 358.77 63 0
0.0 134.00 63 0
0.0 354.56 63 0
135.75 356.97 63 0
4937.75 127.23 13 0
0.0 355.31 63 0
133.0 356.63 63 0
4934.25 126.83 13 0
0.0 355.03 63 0
0.0 356.09 63 0
0.0 359.28 63 0
0.0 134.39 63 0
0.0 355.06 63 0
0.0 356.13 63 0
0.0 357.20 63 0
4996.5 126.81 14 0
0.0 356.14 63 0
4936.5 125.97 15 0
4933.0 127.03 14 0
0.0 135.80 63 0
0.0 355.33 63 0
0.0 356.39 63 0
0.0 134.78 63 0
0.0 134.88 63 0
0.0 133.94 63 0
5001.25 127.31 13 0
0.0 134.05 63 0
0.0 135.11 63 0
