4070.0 19.59 17 0
4071.5 19.72 13 0
5419.75 301.27 13 0
4072.5 19.19 15 0
5242.25 298.69 13 0
4116.5 19.64 14 0
4071.5 19.72 13 0
5419.75 301.27 13 0
4072.5 19.19 15 0
5242.25 298.69 13 0
4116.5 19.64 14 0
5370.5 299.36 13 0
4114.75 19.67 13 0
5302.25 299.22 14 0
4067.5 19.45 14 0
5293.0 298.83 13 0
4067.5 19.11 15 0
5169.75 298.56 13 0
5299.75 299.13 14 0
4070.0 19.44 14 0
5301.0 298.81 13 0
4070.0 19.56 15 0
5235.75 298.89 14 0
4040.25 19.17 19 0
4069.25 19.81 13 0
194.5 297.27 13 0
213.75 298.33 13 0
5223.0 299.33 14 0
4069.25 19.64 14 0
5295.75 299.17 14 0
4074.75 19.52 16 0
5355.5 299.23 13 0
4078.75 19.52 15 0
162.0 295.44 13 0
191.5 297.05 13 0
5303.5 299.11 14 0
4076.5 19.36 14 0
5228.0 298.81 14 0
4061.25 19.03 14 0
4116.5 19.62 15 0
172.5 295.77 13 0
205.25 296.97 13 0
5235.75 298.88 14 0
4019.0 19.06 15 0
195.0 297.28 13 0
5373.25 299.33 14 0
4123.75 19.53 15 0
168.5 295.47 13 0
183.0 296.53 13 0
199.0 297.58 13 0
5232.0 298.58 14 0
0.0 27.41 63 0
188.5 296.88 13 0
206.5 297.92 13 0
228.0 298.98 13 0
5232.0 298.91 14 0
4071.5 19.12 16 0
176.75 296.08 13 0
211.0 298.20 13 0
5301.0 299.16 14 0
4074.75 19.34 14 0
168.25 295.42 13 0
198.5 297.55 13 0
243.75 297.72 13 0
5233.25 298.53 13 0
5382.75 299.58 13 0
4027.0 19.69 13 0
172.75 295.77 13 0
253.5 298.19 13 0
5235.75 298.88 14 0
211.0 298.22 13 0
5361.0 299.19 14 0
4078.0 19.31 17 0
217.25 297.14 13 0
5371.75 299.42 13 0
4074.75 19.55 14 0
168.5 295.44 13 0
198.5 297.56 13 0
5167.25 298.56 13 0
4119.75 19.64 13 0
169.75 295.55 13 0
184.5 296.61 13 0
247.25 299.53 13 0
5232.0 298.64 13 0
4114.0 19.73 13 0
5234.5 298.61 14 0
0.0 27.33 63 0
198.25 297.50 13 0
5169.75 298.47 13 0
4069.25 19.62 14 0
269.75 297.89 13 0
4066.75 19.50 14 0
217.75 297.34 13 0
5105.5 299.45 13 0
4073.25 19.55 16 0
4069.25 19.53 15 0
5171.0 298.56 14 0
4111.5 19.70 13 0
5163.5 298.77 14 0
0.0 25.42 63 0
4782.5 21.92 13 0
5295.75 298.92 13 0
4066.0 19.09 16 0
4789.0 22.17 13 0
211.75 298.28 13 0
0.0 27.00 63 0
5023.75 299.42 13 0
4073.25 19.53 14 0
167.25 295.88 13 0
5386.75 299.53 13 0
4113.25 19.64 13 0
4782.5 21.70 13 0
5237.0 298.58 13 0
5293.0 298.72 13 0
4073.25 19.25 15 0
4068.25 19.37 14 0
4070.0 20.41 13 0
5235.75 298.59 13 0
4071.5 19.47 15 0
5370.5 298.92 13 0
4070.0 19.16 15 0
167.25 295.84 13 0
5314.25 299.50 13 0
4112.25 19.69 14 0
4782.5 21.72 13 0
160.75 295.28 13 0
188.75 296.91 13 0
207.0 297.97 13 0
5233.25 298.95 14 0
4077.25 19.17 18 0
5094.5 299.45 14 0
4113.25 19.70 14 0
4724.25 21.78 13 0
161.5 295.38 13 0
174.75 295.94 13 0
190.25 296.58 13 0
208.5 297.22 13 0
5298.25 299.06 13 0
4077.25 19.27 16 0
198.0 297.50 13 0
5384.0 299.53 13 0
162.0 295.45 13 0
175.75 296.02 13 0
191.25 297.06 13 0
5293.0 299.13 13 0
4064.25 19.37 15 0
5295.75 298.73 13 0
163.5 295.55 13 0
177.0 296.11 13 0
193.0 297.17 13 0
211.25 298.22 13 0
5294.25 299.22 14 0
4071.5 19.39 14 0
5302.25 298.80 13 0
4034.75 19.09 20 0
5228.0 298.70 14 0
200.25 297.58 13 0
5237.0 298.59 13 0
4069.25 19.44 15 0
5291.75 298.73 13 0
