198.75 297.64 13 0
262.25 298.91 13 0
297.75 298.88 13 0
341.5 298.89 13 0
402.0 299.27 13 0
5737.0 301.27 13 0
262.25 298.91 13 0
297.75 298.88 13 0
341.5 298.89 13 0
402.0 299.27 13 0
5737.0 301.27 13 0
181.0 296.44 13 0
197.5 297.50 13 0
217.5 297.45 13 0
241.75 297.61 13 0
271.75 299.02 13 0
5166.0 298.52 13 0
162.75 295.56 13 0
210.5 298.25 13 0
233.25 299.31 13 0
261.0 297.86 13 0
5395.0 301.36 13 0
4089.5 19.36 16 0
4068.25 19.50 14 0
4083.0 19.39 14 0
4110.75 19.55 13 0
4074.0 19.50 13 0
4806.5 299.44 13 0
4073.25 19.58 14 0
4114.0 19.62 13 0
5230.75 298.75 13 0
4115.5 19.56 13 0
228.0 299.05 13 0
5230.75 298.97 15 0
4046.75 19.23 20 0
5162.25 298.53 13 0
177.25 296.19 13 0
193.5 296.69 13 0
300.5 298.52 13 0
493.5 299.81 13 0
4070.75 19.55 14 0
5164.75 298.80 13 0
179.0 296.31 13 0
238.75 297.95 13 0
5312.75 299.41 13 0
157.75 295.13 13 0
202.25 297.81 13 0
5167.25 298.80 13 0
216.0 298.50 13 0
162.25 295.52 13 0
191.25 297.14 13 0
4071.5 19.42 14 0
172.0 295.80 13 0
186.75 296.84 13 0
205.0 296.88 13 0
225.5 298.09 13 0
284.75 298.67 13 0
5293.0 298.91 13 0
4033.25 19.16 21 0
198.5 297.59 14 0
244.0 298.14 13 0
274.5 298.80 13 0
5163.5 298.59 13 0
196.0 297.44 13 0
215.75 298.48 14 0
239.75 298.38 13 0
269.25 298.20 13 0
306.75 298.66 13 0
4110.75 19.75 13 0
174.5 295.97 13 0
189.75 297.03 13 0
208.0 296.98 13 0
230.0 299.14 13 0
5302.25 299.08 14 0
4080.5 19.31 20 0
181.25 296.47 13 0
218.5 298.59 13 0
242.0 297.91 13 0
309.75 298.47 13 0
5163.5 298.53 13 0
5388.25 299.56 13 0
172.5 295.84 13 0
205.25 297.63 13 0
226.75 299.02 13 0
253.5 298.36 13 0
5291.75 298.95 14 0
4070.0 19.14 18 0
176.75 296.16 13 0
192.5 297.20 13 0
211.0 297.13 13 0
234.25 299.33 13 0
5094.5 299.25 15 0
4116.5 19.41 14 0
180.25 296.39 13 0
216.75 297.55 13 0
4107.5 19.70 13 0
204.5 297.88 13 0
225.25 298.81 13 0
250.5 298.14 13 0
284.0 298.78 13 0
323.75 299.11 13 0
5228.0 298.88 14 0
214.75 298.45 14 0
238.75 299.50 13 0
4070.75 19.59 14 0
223.25 298.89 13 0
249.75 297.80 13 0
321.0 299.17 13 0
5229.5 298.83 14 0
174.5 296.00 13 0
190.25 296.92 13 0
208.5 298.36 14 0
5298.25 299.09 14 0
4042.0 19.23 19 0
179.0 296.33 13 0
214.75 297.11 13 0
238.25 299.50 14 0
4066.0 19.53 14 0
169.0 295.58 13 0
183.5 296.64 13 0
200.75 297.69 13 0
221.25 298.75 13 0
246.5 298.94 13 0
278.25 298.67 13 0
5233.25 298.67 14 0
188.5 296.98 13 0
206.75 297.63 14 0
228.5 299.09 13 0
254.75 299.20 13 0
288.0 298.75 13 0
5297.0 299.03 14 0
4023.0 19.14 20 0
176.75 296.13 13 0
211.25 298.25 13 0
262.25 298.98 13 0
298.75 298.75 13 0
4112.25 19.42 13 0
195.75 297.41 13 0
215.0 298.47 14 0
239.25 298.84 13 0
4110.75 19.58 14 0
183.0 296.58 13 0
199.0 297.64 13 0
220.5 297.33 13 0
245.5 298.00 13 0
5164.75 298.63 14 0
187.25 296.88 13 0
205.0 297.94 14 0
226.0 298.66 13 0
252.75 298.36 13 0
285.0 298.56 13 0
5301.0 298.91 14 0
162.0 295.48 13 0
209.5 298.17 13 0
4034.0 19.27 23 0
179.5 296.36 13 0
195.75 297.41 13 0
215.0 297.97 14 0
239.0 298.34 13 0
4066.75 19.50 14 0
197.25 297.47 13 0
216.75 298.53 13 0
271.0 298.95 13 0
4070.0 19.58 14 0
