0.0 250.97 63 0
0.0 252.05 63 0
2585.5 261.38 16 0
4298.5 23.98 36 1
2144.75 256.20 14 0
2120.75 257.27 18 0
2286.75 258.28 14 0
2585.5 261.38 16 0
4298.5 23.98 36 1
163.5 252.88 13 0
177.25 253.44 13 0
193.0 254.50 13 0
212.0 254.94 13 0
262.75 255.73 14 0
300.0 255.73 14 0
344.0 256.33 13 0
405.0 256.50 13 0
2134.5 254.84 16 0
2119.5 255.88 21 0
2185.0 256.89 22 0
2110.75 257.98 17 0
2141.75 259.05 19 0
2548.75 261.03 15 0
174.25 253.20 13 0
208.25 255.33 13 0
292.5 255.66 13 0
334.5 255.88 13 0
394.5 256.63 13 0
477.75 256.97 14 0
2142.5 255.66 20 0
2097.25 256.73 24 0
2105.0 257.78 13 0
2065.0 258.89 17 0
2356.5 260.91 16 0
3619.25 8.19 34 0
172.25 253.06 13 0
187.25 254.13 13 0
205.0 254.08 14 0
226.5 256.00 13 0
252.25 256.56 13 0
286.0 255.80 13 0
326.75 255.98 13 0
381.5 256.50 13 0
2158.75 254.47 16 0
2128.0 255.52 21 0
2078.25 256.63 23 0
2197.75 257.58 15 0
2370.0 260.70 13 0
168.5 252.75 13 0
182.75 253.81 13 0
199.0 254.86 13 0
220.0 255.92 13 0
245.25 254.84 13 0
276.0 255.17 14 0
315.0 256.03 13 0
366.0 256.41 13 0
2156.75 254.13 17 0
2143.0 255.19 20 0
743.75 257.47 13 0
2107.25 257.31 17 0
2537.0 261.44 13 0
169.5 252.86 13 0
184.0 253.92 13 0
201.0 254.98 14 0
222.0 254.77 13 0
246.5 256.48 13 0
278.25 255.95 14 0
318.0 256.09 13 0
369.75 256.48 13 0
2160.5 254.23 16 0
2143.5 255.30 17 0
760.75 257.56 13 0
2067.0 257.42 20 0
2145.5 258.45 14 0
168.25 252.72 13 0
199.0 254.84 13 0
219.25 255.91 13 0
245.0 254.78 13 0
275.5 255.94 14 0
313.75 255.86 14 0
365.5 256.27 13 0
2156.5 254.11 15 0
2123.25 255.19 20 0
733.75 257.44 13 0
2119.75 257.33 17 0
2312.0 258.33 13 0
2532.5 261.42 13 0
0.0 251.81 63 0
166.75 253.14 13 0
180.75 253.70 13 0
197.25 254.77 13 0
217.5 255.81 13 0
241.5 256.13 13 0
271.75 255.39 14 0
309.0 255.95 13 0
357.75 256.14 13 0
2160.0 254.03 16 0
2100.5 255.13 24 0
2120.75 256.16 20 0
2107.75 257.19 17 0
2156.0 258.25 23 0
2245.5 259.27 13 0
2572.0 261.30 15 0
2432.0 1.16 46 1
163.5 252.84 13 0
177.25 253.41 13 0
193.0 254.47 13 0
211.75 255.53 13 0
235.25 255.31 13 0
263.0 255.31 14 0
300.25 255.61 14 0
345.5 256.14 14 0
405.75 256.63 13 0
2124.25 254.80 17 0
2119.5 255.83 21 0
2186.0 256.89 22 0
2110.5 258.00 17 0
2131.75 259.05 19 0
138.5 22.14 36 1
176.0 253.38 13 0
192.25 254.69 13 0
210.75 255.50 13 0
233.75 255.81 13 0
261.5 255.63 13 0
297.5 255.66 14 0
402.25 256.80 13 0
2121.5 254.81 15 0
2109.5 255.86 20 0
2172.25 256.86 23 0
2132.5 257.94 18 0
2121.5 258.97 20 0
176.5 253.36 13 0
211.75 254.30 13 0
234.75 255.13 13 0
262.5 255.64 14 0
299.75 255.41 13 0
343.75 255.88 13 0
2160.5 253.66 13 0
2134.0 254.73 17 0
2118.75 255.80 21 0
2183.0 256.91 22 0
2101.0 257.98 17 0
2131.25 259.05 19 0
4195.25 15.03 34 1
1059.0 92.03 36 0
179.5 253.58 13 0
238.5 254.80 14 0
267.5 255.55 13 0
305.25 255.81 13 0
351.75 256.08 13 0
2173.5 253.92 15 0
2081.0 254.98 20 0
2120.25 256.06 18 0
2041.75 258.14 20 0
2200.25 259.17 20 0
2546.0 261.17 15 0
168.25 252.73 13 0
182.5 253.80 13 0
199.0 254.86 13 0
219.75 255.92 13 0
245.0 256.56 13 0
275.5 256.30 14 0
314.75 255.83 14 0
365.25 256.30 13 0
2156.5 254.14 16 0
2133.25 255.16 21 0
732.5 257.58 13 0
2119.5 257.30 17 0
2326.5 258.33 13 0
2443.75 260.41 13 0
2533.75 261.42 14 0
1894.25 10.95 37 0
172.0 253.05 13 0
186.75 253.78 13 0
204.75 255.17 13 0
226.25 255.03 13 0
251.75 256.16 13 0
285.0 256.17 13 0
326.0 256.44 13 0
381.0 256.58 13 0
2158.25 254.42 16 0
2158.25 255.48 21 0
2078.25 256.61 22 0
2196.25 257.59 16 0
2324.25 260.72 13 0
5065.5 10.78 37 1
3529.5 13.03 37 1
0.0 75.44 63 0
162.75 252.77 13 0
176.0 253.33 13 0
192.0 254.39 13 0
210.0 255.45 14 0
233.0 256.52 13 0
260.75 256.33 14 0
296.75 256.17 13 0
341.0 255.94 14 0
401.75 256.41 14 0
2131.25 254.69 15 0
2108.0 255.78 20 0
2164.0 256.88 23 0
2131.5 257.92 18 0
2101.0 259.00 19 0
163.5 252.86 13 0
177.25 253.42 13 0
211.75 255.56 13 0
235.25 255.52 13 0
263.5 255.63 13 0
300.25 255.78 14 0
345.5 256.33 14 0
2135.0 254.81 17 0
2121.0 255.88 20 0
2198.0 256.91 21 0
2066.25 258.03 17 0
2144.0 259.03 20 0
2420.5 261.08 17 0
5706.5 158.63 36 0
179.25 253.55 13 0
195.25 254.36 14 0
214.25 255.67 13 0
237.75 254.78 14 0
267.0 255.78 13 0
304.75 255.64 13 0
350.25 256.58 14 0
2170.0 253.83 15 0
2081.5 254.95 19 0
2121.0 255.98 18 0
2158.75 257.02 14 0
1994.75 258.14 14 0
2164.75 259.16 20 0
2444.75 261.17 17 0
0.0 251.66 63 0
178.75 253.55 13 0
195.0 254.61 14 0
214.0 255.66 13 0
237.75 254.64 14 0
267.0 255.70 13 0
304.75 255.67 13 0
350.5 256.09 14 0
2160.5 253.86 15 0
2081.25 254.97 19 0
2121.25 255.97 19 0
2041.0 258.17 20 0
2200.5 259.17 20 0
2536.0 261.19 16 0
155.75 252.19 13 0
168.25 252.75 13 0
182.5 253.81 13 0
199.0 254.88 13 0
219.25 255.44 13 0
245.0 256.44 14 0
275.75 255.94 14 0
315.0 255.83 13 0
365.5 256.48 13 0
2156.75 254.14 16 0
2132.25 255.20 20 0
734.25 257.48 13 0
2119.75 257.34 18 0
2442.25 260.42 13 0
2534.0 261.45 13 0
4929.5 301.50 20 1
169.0 252.83 13 0
183.0 253.89 13 0
200.75 254.95 13 0
221.5 256.02 13 0
246.0 255.66 13 0
278.0 255.64 14 0
317.25 256.39 13 0
368.5 256.67 13 0
2170.75 254.22 16 0
2142.75 255.28 17 0
757.0 257.63 13 0
2097.25 257.41 19 0
2144.25 258.47 15 0
2443.75 260.50 13 0
157.75 252.33 13 0
202.5 255.02 13 0
222.75 256.08 14 0
248.0 255.08 13 0
280.5 256.27 13 0
320.25 256.34 14 0
373.0 256.44 13 0
2146.75 254.30 16 0
2141.5 255.33 15 0
2091.0 256.41 13 0
2081.75 257.47 21 0
2145.0 258.52 15 0
0.0 270.06 63 0
3205.5 417.13 21 1
0.0 250.25 63 0
149.75 251.58 13 0
174.0 253.20 13 0
208.0 255.33 13 0
256.75 255.52 13 0
292.25 255.44 14 0
334.25 256.39 13 0
391.5 256.33 13 0
477.0 257.03 14 0
2132.25 255.66 21 0
2059.25 256.75 23 0
1513.25 258.05 13 0
2065.75 258.86 17 0
0.0 269.34 63 0
0.0 271.45 63 0
1795.0 290.75 25 0
2451.75 163.16 24 1
2433.5 171.17 32 1
175.75 253.36 13 0
192.0 254.42 13 0
233.0 255.03 13 0
260.5 255.61 14 0
296.0 256.31 13 0
340.5 256.36 14 0
401.5 256.64 14 0
2119.25 254.73 15 0
2109.0 255.80 20 0
2155.25 256.83 24 0
2121.0 257.88 19 0
2091.0 258.95 19 0
0.0 269.44 63 0
2688.5 123.09 47 1
0.0 250.11 63 0
187.75 254.14 13 0
205.25 255.20 13 0
226.75 254.75 13 0
253.5 255.41 14 0
287.5 255.61 14 0
328.0 256.20 14 0
384.25 256.73 14 0
2159.0 254.47 15 0
2157.0 255.52 22 0
2088.5 256.61 23 0
1389.75 257.98 13 0
0.0 269.22 63 0
157.75 252.34 13 0
202.5 255.03 13 0
222.75 255.84 13 0
248.5 254.92 13 0
280.5 256.27 14 0
320.0 255.75 14 0
372.75 256.38 13 0
2155.25 254.28 15 0
2130.75 255.34 15 0
2092.25 257.47 21 0
2169.0 258.50 14 0
172.25 253.02 13 0
187.0 254.08 13 0
204.75 254.64 13 0
226.5 255.88 13 0
286.5 255.38 13 0
327.25 256.02 14 0
381.25 256.34 13 0
2159.0 254.42 16 0
2157.5 255.45 21 0
2090.5 256.55 23 0
2354.25 260.72 14 0
173.0 253.14 13 0
188.0 254.20 14 0
206.25 255.27 13 0
227.5 255.17 14 0
254.25 255.72 14 0
288.25 256.03 14 0
330.0 256.31 13 0
2160.75 254.52 15 0
2156.75 255.59 21 0
2086.25 256.66 23 0
2131.5 258.75 13 0
0.0 269.23 63 0
10.5 158.63 34 1
173.0 253.11 13 0
188.0 254.17 14 0
206.25 255.23 14 0
227.5 255.80 14 0
254.75 255.09 13 0
330.25 256.00 13 0
387.25 256.28 13 0
2172.75 254.48 14 0
2130.25 255.56 23 0
2089.25 256.64 23 0
2132.75 258.75 14 0
0.0 271.38 63 0
141.0 283.31 61 1
171.75 253.05 13 0
187.0 254.11 13 0
204.5 255.17 14 0
225.5 256.23 14 0
251.75 255.66 13 0
284.5 256.19 14 0
326.0 256.20 13 0
380.25 256.31 13 0
2159.25 254.45 17 0
2148.5 255.48 20 0
2072.0 256.59 22 0
2172.75 257.55 17 0
2160.5 258.63 13 0
2339.5 260.72 14 0
188.0 254.11 13 0
226.75 255.09 13 0
253.75 256.34 14 0
287.5 256.00 14 0
329.25 255.86 13 0
2159.0 254.45 15 0
2157.0 255.52 22 0
2079.75 256.61 23 0
2132.5 258.73 13 0
2275.0 260.81 18 0
0.0 271.36 63 0
151.0 76.00 60 0
169.0 252.83 13 0
183.25 253.89 13 0
200.75 254.95 13 0
221.5 256.00 13 0
246.0 255.72 13 0
276.75 255.89 13 0
317.25 256.13 13 0
367.75 256.56 13 0
2170.25 254.22 17 0
2143.0 255.27 18 0
754.5 257.53 13 0
2107.5 257.39 19 0
2211.5 258.41 14 0
2493.5 260.45 13 0
4937.5 10.95 37 0
177.5 253.44 13 0
193.5 254.50 13 0
212.0 255.55 13 0
235.75 255.86 14 0
263.75 256.06 13 0
301.0 255.92 14 0
346.25 256.41 14 0
2162.75 253.75 13 0
2133.75 254.83 16 0
2127.75 255.89 21 0
2198.5 256.91 21 0
2143.25 259.05 19 0
2422.5 261.08 18 0
144.25 283.58 20 1
187.5 254.17 13 0
205.25 254.81 13 0
226.5 256.30 13 0
253.25 255.36 14 0
286.5 255.86 13 0
327.25 256.38 14 0
382.25 256.59 14 0
2157.75 254.48 16 0
2156.0 255.53 21 0
2076.75 256.63 22 0
2200.25 257.59 13 0
2326.25 260.73 17 0
150.25 284.23 20 1
154.25 252.02 13 0
166.5 253.08 13 0
180.25 253.64 13 0
197.0 254.69 13 0
217.25 254.95 13 0
