0.0 252.55 63 0
0.0 270.77 63 0
1635.75 4.52 35 1
0.0 250.66 63 0
0.0 251.70 63 0
179.75 253.61 13 0
196.0 254.67 13 0
216.0 255.73 14 0
239.75 256.00 13 0
270.0 255.11 13 0
306.75 256.00 14 0
353.5 256.17 13 0
2170.0 253.89 15 0
2082.5 254.98 23 0
2116.75 256.05 18 0
2103.5 257.13 14 0
2107.25 258.17 24 0
2216.5 259.22 17 0
2716.5 261.20 14 0
0.0 269.73 63 0
0.0 270.81 63 0
367.25 288.02 27 1
1060.75 226.84 36 1
2433.5 499.19 45 1
169.0 252.83 13 0
183.0 253.89 13 0
200.25 254.95 13 0
220.75 254.55 13 0
245.5 256.81 13 0
316.75 255.69 13 0
367.0 256.17 13 0
2168.25 254.20 18 0
2144.0 255.23 19 0
750.5 257.45 13 0
2117.5 257.33 18 0
2693.25 261.41 13 0
2729.0 262.45 17 0
0.0 271.00 63 0
138.0 282.88 20 1
2452.25 404.63 36 0
169.25 252.81 13 0
183.75 253.86 13 0
200.75 254.92 14 0
222.0 254.34 13 0
246.25 255.28 13 0
278.25 255.45 14 0
317.5 256.30 13 0
368.25 256.30 13 0
2170.0 254.13 17 0
2143.75 255.20 18 0
754.75 257.52 13 0
2107.25 257.39 19 0
2212.0 258.41 13 0
2693.75 261.47 14 0
2729.25 262.50 18 0
0.0 271.03 63 0
324.25 306.03 25 1
0.0 249.77 63 0
0.0 250.83 63 0
134.0 252.70 63 0
181.75 253.78 13 0
198.75 254.83 14 0
218.25 255.89 14 0
242.75 255.31 13 0
274.25 255.84 13 0
311.75 255.73 14 0
361.0 256.42 13 0
2175.25 254.06 17 0
2107.25 255.17 23 0
2134.0 256.20 17 0
2121.5 257.19 19 0
2191.75 258.27 22 0
2715.0 261.28 14 0
0.0 269.81 63 0
0.0 270.88 63 0
2339.5 76.61 20 1
5076.25 293.78 36 1
0.0 250.81 63 0
134.0 252.70 63 0
181.75 253.77 13 0
198.75 254.81 14 0
218.5 255.88 14 0
242.75 255.92 13 0
274.25 256.30 14 0
312.5 255.73 14 0
362.0 256.58 13 0
2173.25 254.08 17 0
2107.25 255.16 23 0
2144.0 256.20 16 0
2121.5 257.25 19 0
2194.0 258.25 21 0
2716.5 261.30 13 0
0.0 269.83 63 0
0.0 270.89 63 0
374.25 84.02 30 0
3273.5 158.63 37 0
0.0 251.95 63 0
168.5 252.78 13 0
182.75 253.84 13 0
199.0 254.91 13 0
220.0 255.83 13 0
245.0 256.89 13 0
275.75 256.06 14 0
315.0 255.84 13 0
365.5 256.47 13 0
2157.0 254.16 17 0
2132.75 255.19 20 0
738.5 257.45 13 0
2119.5 257.34 19 0
2711.75 261.38 13 0
0.0 269.92 63 0
0.0 270.97 63 0
0.0 250.94 63 0
157.0 252.27 13 0
183.75 253.89 13 0
200.75 254.95 14 0
222.0 254.42 13 0
246.5 254.81 13 0
278.0 255.95 14 0
318.0 255.70 13 0
369.25 256.44 13 0
2170.25 254.20 17 0
2143.75 255.23 17 0
755.25 257.45 13 0
2106.75 257.38 18 0
2123.25 258.47 14 0
2690.75 261.45 13 0
2744.0 262.53 18 0
0.0 271.05 63 0
5217.75 76.05 61 0
5076.25 308.80 52 1
0.0 250.30 63 0
0.0 251.34 63 0
161.25 252.69 13 0
174.5 253.25 14 0
0.0 254.53 63 0
208.25 255.36 13 0
257.25 255.81 13 0
292.5 255.55 14 0
334.0 256.47 14 0
394.5 256.55 13 0
2143.0 255.69 20 0
2059.25 256.75 23 0
2064.75 258.84 16 0
2387.0 260.89 16 0
0.0 269.33 63 0
0.0 270.39 63 0
0.0 271.44 63 0
2433.0 334.52 37 0
0.0 250.48 63 0
0.0 251.55 63 0
177.5 253.42 13 0
193.0 254.48 13 0
212.0 255.55 13 0
263.25 255.20 13 0
300.25 255.77 14 0
344.25 255.94 13 0
2173.0 253.75 14 0
2144.25 254.81 17 0
2129.25 255.88 20 0
2185.25 256.89 22 0
2112.25 258.00 18 0
2131.5 259.03 19 0
2736.0 260.97 15 0
0.0 269.52 63 0
0.0 270.56 63 0
0.0 271.63 63 0
2451.75 163.05 61 1
2455.75 76.02 45 1
134.0 249.84 13 0
0.0 250.64 63 0
0.0 251.70 63 0
165.5 253.03 13 0
0.0 253.81 63 0
195.25 254.66 13 0
239.0 255.56 13 0
267.5 255.98 13 0
305.25 256.13 13 0
351.75 256.36 13 0
2173.75 253.91 15 0
2078.5 254.98 20 0
2118.75 256.02 18 0
2080.75 258.14 22 0
2199.75 259.19 19 0
2736.0 261.14 14 0
0.0 269.67 63 0
0.0 270.73 63 0
3402.5 22.69 36 1
0.0 251.00 63 0
0.0 252.08 63 0
0.0 253.13 63 0
185.0 253.95 14 0
203.25 255.02 13 0
223.0 256.08 13 0
248.5 255.47 13 0
281.0 256.23 13 0
321.5 255.98 13 0
374.0 256.23 13 0
2146.25 254.30 16 0
2129.75 255.34 15 0
2091.25 256.42 14 0
2099.0 257.47 20 0
2145.5 258.52 14 0
2691.25 261.58 14 0
0.0 270.08 63 0
0.0 271.14 63 0
969.5 163.05 61 1
3875.75 4.67 35 0
2433.0 79.27 55 1
0.0 250.58 63 0
0.0 251.64 63 0
0.0 253.77 63 0
194.75 254.09 14 0
213.75 254.44 13 0
237.0 255.70 14 0
265.75 255.48 14 0
303.5 256.05 13 0
348.75 256.58 13 0
2148.25 253.83 14 0
2113.5 254.91 18 0
2121.25 255.94 18 0
2229.25 257.00 15 0
2160.75 259.09 20 0
2733.75 261.08 14 0
0.0 269.61 63 0
0.0 270.66 63 0
0.0 250.92 63 0
0.0 251.98 63 0
169.0 252.81 13 0
183.25 253.88 13 0
200.75 254.38 13 0
220.75 255.98 14 0
246.0 255.06 13 0
277.25 255.72 13 0
316.25 255.77 14 0
