0.0 251.83 63 0
166.75 253.16 13 0
180.75 253.72 13 0
197.25 254.77 13 0
0.0 250.77 63 0
0.0 251.83 63 0
166.75 253.16 13 0
180.75 253.72 13 0
197.25 254.77 13 0
210.5 255.53 13 1
234.5 256.63 13 0
263.25 256.48 13 0
301.25 256.23 14 0
348.0 256.11 13 0
2159.25 253.92 15 0
2079.0 255.05 19 0
2119.5 256.11 17 0
2103.75 257.16 15 0
2143.75 258.23 23 0
171.75 253.03 13 0
186.5 254.09 13 0
204.25 255.16 14 0
225.25 255.08 14 0
251.75 255.20 13 0
284.0 256.33 13 0
325.75 256.44 13 0
379.0 256.34 13 0
2148.75 254.44 17 0
2148.0 255.47 18 0
2068.75 256.58 21 0
2156.5 257.58 18 0
2159.75 258.63 13 0
2687.0 261.67 14 0
0.0 270.17 63 0
0.0 271.23 63 0
4759.75 76.61 20 1
2432.5 158.63 37 1
2452.25 415.19 32 1
0.0 252.06 63 0
184.75 253.95 13 0
201.5 255.02 13 0
222.75 255.08 13 0
248.0 256.09 13 0
280.5 255.97 13 0
320.0 255.78 14 0
373.25 256.61 13 0
2146.0 254.27 16 0
2141.0 255.33 15 0
2090.75 256.41 13 0
2098.5 257.47 20 0
2167.75 258.53 14 0
2688.5 261.56 14 0
0.0 270.08 63 0
0.0 271.14 63 0
0.0 298.06 26 0
0.0 250.92 63 0
0.0 251.98 63 0
169.0 252.81 13 0
183.25 253.88 13 0
200.5 254.94 13 0
221.0 254.86 14 0
246.0 255.41 13 0
277.25 256.13 14 0
2169.0 254.19 17 0
2133.75 255.28 17 0
751.5 257.58 13 0
2107.0 257.36 18 0
2145.25 258.44 15 0
2688.75 261.48 13 0
2727.5 262.50 18 0
0.0 271.05 63 0
3657.5 6.33 34 1
5217.75 61.05 25 1
1323.25 84.03 58 0
2432.0 0.63 37 0
134.0 252.70 63 0
182.0 253.77 13 0
199.0 254.08 14 0
218.75 255.64 13 0
243.5 255.47 14 0
275.25 255.61 14 0
313.5 256.16 14 0
362.75 256.44 14 0
2157.5 254.08 16 0
2132.5 255.14 21 0
733.25 257.45 13 0
2120.75 257.30 17 0
2322.5 258.33 13 0
2186.75 259.42 13 0
2711.75 261.38 13 0
0.0 269.92 63 0
0.0 270.98 63 0
342.25 76.61 20 1
0.0 250.64 63 0
0.0 251.70 63 0
165.75 253.03 13 0
179.5 253.59 13 0
239.0 255.53 13 0
267.75 255.52 13 0
305.25 256.09 13 0
352.0 256.36 14 0
2172.75 253.89 16 0
2078.5 255.02 20 0
2118.5 256.05 18 0
1021.5 257.83 13 0
2081.0 258.17 22 0
2200.0 259.17 19 0
2717.5 261.16 14 0
0.0 269.67 63 0
0.0 270.73 63 0
0.0 251.59 63 0
164.25 252.92 13 0
0.0 253.72 63 0
194.0 254.55 13 0
213.0 255.59 13 0
237.0 255.22 13 0
265.5 255.39 14 0
302.5 255.55 13 0
348.0 256.06 13 0
2146.25 253.78 13 0
2122.75 254.86 18 0
2119.75 255.95 19 0
2233.75 256.97 15 0
1979.5 258.11 13 0
2148.75 259.09 20 0
2733.0 261.08 15 0
0.0 269.63 63 0
0.0 270.67 63 0
154.75 84.00 55 0
428.75 288.02 50 0
3657.5 76.02 16 0
0.0 250.44 63 0
0.0 251.48 63 0
0.0 252.56 63 0
176.25 253.39 13 0
192.25 254.45 13 0
211.25 254.48 13 0
234.0 256.58 13 0
262.25 255.45 14 0
297.75 255.70 14 0
402.5 256.45 13 0
2134.0 254.78 17 0
2111.5 255.86 20 0
2170.75 256.89 23 0
2122.5 257.94 18 0
2120.0 259.03 19 0
2716.0 260.98 14 0
0.0 269.50 63 0
0.0 270.56 63 0
0.0 271.63 63 0
1123.75 4.50 35 1
149.0 241.20 53 1
3529.5 6.72 40 0
2505.5 9.47 40 0
171.25 252.98 13 0
186.25 254.05 13 0
224.5 255.34 13 0
251.5 255.06 13 0
283.25 255.44 14 0
324.75 255.95 14 0
378.5 256.28 13 0
2157.0 254.38 18 0
2139.5 255.45 20 0
2068.0 256.52 21 0
2142.75 257.55 20 0
2159.75 258.61 14 0
0.0 269.09 63 0
0.0 270.16 63 0
0.0 271.22 63 0
139.75 283.13 61 1
5003.75 301.58 13 1
124.75 252.97 63 0
0.0 251.63 63 0
178.25 253.52 13 0
194.0 254.58 13 0
213.25 255.64 13 0
237.0 256.70 14 0
265.5 255.63 14 0
302.5 255.64 13 0
347.75 256.61 13 0
2146.0 253.84 13 0
2122.75 254.91 18 0
2118.75 255.97 19 0
2232.5 256.98 14 0
1980.75 258.14 13 0
2150.0 259.13 20 0
2716.5 261.08 14 0
0.0 269.63 63 0
0.0 270.67 63 0
2316.25 290.86 49 0
0.0 250.11 63 0
0.0 251.16 63 0
172.5 253.05 13 0
187.5 254.11 13 0
205.25 255.42 13 0
226.75 254.47 13 0
253.5 255.14 14 0
287.5 255.38 13 0
328.75 255.95 14 0
383.5 256.52 14 0
2157.5 254.41 16 0
2164.75 255.48 21 0
2351.25 260.75 15 0
0.0 269.20 63 0
0.0 270.25 63 0
0.0 271.31 63 0
2432.75 87.08 16 1
2506.5 4.38 35 1
4681.5 21.06 37 1
2433.25 203.19 31 1
0.0 251.03 63 0
0.0 252.11 63 0
170.25 252.94 13 0
185.0 254.00 14 0
203.25 255.06 13 0
223.25 254.98 13 0
248.75 256.11 13 0
280.75 255.73 13 0
321.75 256.09 13 0
373.5 256.69 13 0
2144.5 254.34 17 0
2140.5 255.39 15 0
2101.5 256.45 15 0
2099.0 257.52 21 0
2169.0 258.53 14 0
2687.75 261.58 14 0
0.0 270.09 63 0
0.0 271.16 63 0
2707.75 163.05 61 1
2689.25 207.16 33 1
0.0 250.13 63 0
128.75 251.95 63 0
187.75 254.16 13 0
253.5 255.52 14 0
287.5 255.78 14 0
328.5 256.27 13 0
384.5 256.27 14 0
2158.25 254.45 15 0
2155.5 255.53 21 0
2338.75 260.78 17 0
0.0 269.22 63 0
0.0 270.27 63 0
0.0 271.33 63 0
2688.5 105.09 40 1
210.0 288.06 34 1
0.0 250.53 63 0
0.0 251.59 63 0
164.25 252.94 13 0
0.0 253.73 63 0
193.5 254.56 13 0
212.75 255.63 13 0
236.25 254.94 14 0
265.25 256.34 13 0
301.75 256.34 14 0
346.75 256.05 13 0
2123.5 254.92 18 0
2119.75 255.98 20 0
1980.0 258.09 13 0
2159.5 259.13 20 0
2737.5 261.08 14 0
0.0 269.63 63 0
0.0 270.69 63 0
1763.75 4.84 35 0
2441.5 7.41 38 1
0.0 252.02 63 0
169.75 252.84 13 0
184.25 253.91 14 0
222.5 256.28 13 0
247.25 256.47 14 0
280.0 256.05 14 0
319.25 255.97 14 0
372.5 256.31 13 0
2157.5 254.23 15 0
2130.25 255.30 14 0
770.5 257.47 13 0
