5054.5 339.84 14 0
3112.0 255.05 13 0
3145.25 239.31 13 0
3144.25 241.39 13 0
2938.0 250.73 13 0
3084.25 233.25 13 0
3112.0 255.05 13 0
3117.25 238.98 13 0
3120.25 241.05 13 0
4995.25 339.97 15 0
2977.75 233.30 13 0
3114.0 255.16 15 0
5053.5 340.50 13 0
3201.25 227.25 13 0
3117.25 251.28 13 0
3565.25 207.72 13 0
3144.75 239.08 14 0
3142.0 255.73 13 0
4994.25 339.92 15 0
3171.25 239.27 13 0
2938.0 250.75 13 0
3462.5 268.36 13 0
5000.0 340.05 15 0
3143.75 238.55 13 0
3115.0 255.22 14 0
3531.25 207.63 13 0
3142.5 238.94 13 0
