3038.0 255.22 15 0
1865.5 6.34 44 0
3116.75 255.34 14 0
3528.25 213.59 13 0
3140.5 255.31 14 0
3684.5 281.31 13 0
3140.5 255.31 14 0
4935.5 339.53 13 0
3531.25 213.72 13 0
3425.25 223.08 13 0
3145.75 238.75 13 0
3170.25 240.83 13 0
3116.75 255.42 13 0
3138.5 255.25 14 0
3611.25 267.70 13 0
3571.5 216.44 13 0
2938.0 250.91 13 0
3115.5 255.03 14 0
5065.5 340.19 13 0
4934.25 339.89 15 0
3563.25 213.75 13 0
3169.25 238.80 13 0
3169.75 240.88 14 0
3115.75 255.47 14 0
4999.0 339.48 13 0
3572.75 216.38 13 0
2915.5 250.81 13 0
3113.0 254.92 13 0
3611.25 269.42 13 0
4933.0 339.95 16 0
3570.25 211.50 13 0
3115.5 255.30 15 0
3609.75 267.69 13 0
3458.25 217.22 13 0
3495.0 268.23 13 0
4996.5 339.86 15 0
3115.75 255.33 14 0
3112.5 254.89 13 0
3460.75 268.38 13 0
3607.25 274.61 13 0
5063.0 340.03 15 0
3427.5 220.22 13 0
3146.25 239.02 13 0
3171.75 240.05 13 0
3118.75 255.67 13 0
3530.75 266.98 13 0
3535.0 274.27 13 0
3683.25 281.58 13 0
3115.0 255.16 14 0
